=================================================================================================================================================================== 
                                                         Resultados Algoritmo Genético Caixeiro Viajante                                                           
=================================================================================================================================================================== 
                                                                            Parâmetros                                                                             
------------------------------------------------------------------------------------------------------------------------------------------------------------------- 
	Data =  28/05/2015 16:49:10 	Tempo de execução =  19.469s 	Tamanho da população =  2 	Número de gerações =  2

	Taxa de migração =  10.00% 		Limite de erro =  122200 			Limite do Torneio em Habitat =  1.00

=================================================================================================================================================================== 
                                                                            Soluções                                                                              
Posição  		Distância                                                              Trajeto                                                              
------------------------------------------------------------------------------------------------------------------------------------------------------------------- 
  001		 17800.7973887654		[31,118,83,47,109,24,35,112,26,23,99,28,76,55,56,81,72,64,51,102,78,33,70,82,114,7,19,17,21,121,48,74,59,57,91,98,122,110,80,73,52,54,46,92,1,45,3,53,32,12,58,113,38,40,15,44,0,61,107,34,71,30,103,62,67,85,6,96,69,42,88,97,14,94,115,16,18,126,127,104,84,116,111,2,49,29,77,65,89,66,95,39,22,20,120,43,36,27,10,75,87,63,68,123,128,60,4,25,106,129,108,125,124,41,50,101,5,13,9,119,90,37,11,93,86,105,117,79,8,100|_G10824]
  002		 26044.9992572690		[37,41,49,111,84,116,2,124,50,106,60,128,4,40,89,92,66,57,91,98,46,54,52,51,64,23,99,34,107,44,113,58,17,19,82,33,70,114,7,21,121,48,74,55,76,28,56,1,45,53,32,12,38,15,0,61,63,68,123,25,6,85,78,102,73,80,110,122,67,62,103,104,127,126,94,96,115,16,18,11,93,117,105,86,30,88,119,9,42,69,3,71,72,81,112,35,47,83,118,31,109,24,125,13,79,75,10,26,36,43,120,95,59,39,22,20,27,87,97,14,100,8,90,5,77,29,65,129,108,101,_G11225]
=================================================================================================================================================================== 
