=================================================================================================================================================================== 
                                                         Resultados Algoritmo Genético Caixeiro Viajante                                                           
=================================================================================================================================================================== 
                                                                            Parâmetros                                                                             
------------------------------------------------------------------------------------------------------------------------------------------------------------------- 
	Data =  28/04/2015 16:22:24 	Tempo de execução =  122.226s 	Tamanho da população =  100 	Número de gerações =  1000

	Taxa de migração =  10.00% 		Limite de erro =  122200 			Limite do Torneio em Habitat =  1.00

=================================================================================================================================================================== 
                                                                            Soluções                                                                              
Posição  		Distância                                                              Trajeto                                                              
------------------------------------------------------------------------------------------------------------------------------------------------------------------- 
  001		 11643.3696047549		[28,26,33,30,16,53,79,92,41,105,72,64,81,56,73,74,8,76,83,35,93,88,14,115,23,42,103,69,6,24,100,110,122,55,51,98,90,48,71,91,37,97,47,109,67,62,118,31,112,96,106,17,45,61,27,114,2,82,107,113,20,32,36,54,43,39,121,12,66,95,22,9,13,5,101,50,59,119,52,57,129,49,7,125,29,120,58,124,65,84,89,77,117,34,3,21,46,19,1,40,38,116,70,111,0,44,10,4,123,87,68,85,63,60,15,127,104,75,108,25,128,126,18,99,94,78,86,11,80,102|_G193833]
  002		 11659.9198153878		[28,26,33,30,16,53,79,92,41,105,72,64,81,56,73,74,8,76,83,35,93,88,14,115,23,42,103,69,6,24,100,110,122,55,51,98,90,48,71,91,37,97,47,109,67,62,118,31,112,96,106,17,45,61,27,114,2,82,107,113,20,32,36,54,43,39,121,12,66,95,22,9,13,5,101,50,59,119,52,57,129,49,7,125,29,120,58,124,65,84,89,77,117,34,3,21,46,19,1,40,38,116,70,111,0,44,10,4,63,87,68,85,123,60,15,127,104,75,108,25,128,126,18,99,94,78,86,11,80,102|_G194232]
  003		 11699.3881885504		[28,26,33,30,16,53,79,92,41,105,72,64,81,56,73,74,8,76,83,35,93,88,14,115,23,42,103,69,6,24,100,110,122,55,51,98,90,48,71,91,37,97,47,109,67,62,118,31,112,96,106,17,45,61,27,114,2,82,107,113,20,32,36,54,43,39,121,12,66,95,22,9,13,5,101,50,59,119,52,57,129,49,7,125,29,120,58,124,65,84,89,77,117,34,3,21,46,19,1,40,38,116,70,111,0,75,10,4,123,87,68,85,63,60,108,127,104,44,15,25,128,126,18,99,94,78,86,11,80,102|_G194631]
  004		 11700.0369158188		[115,26,33,30,16,53,79,92,41,105,72,64,81,56,73,74,8,76,83,35,93,88,14,28,99,42,106,69,6,24,100,110,122,55,51,98,90,48,71,91,37,97,47,109,67,62,118,31,112,126,103,17,45,61,27,114,2,82,107,120,20,32,36,22,43,39,121,12,66,95,54,9,13,5,101,50,59,119,52,57,129,49,7,125,29,77,58,124,65,84,89,113,117,34,3,21,46,19,1,40,38,111,70,116,0,60,108,127,104,44,15,25,128,75,10,4,123,63,68,85,87,96,18,23,80,102,86,11,94,78|_G195030]
  005		 11705.2325889621		[115,26,33,30,16,53,79,92,41,105,72,64,81,56,73,74,8,76,83,35,93,88,14,28,23,42,103,69,6,24,100,110,122,55,51,98,90,48,71,91,37,97,47,109,67,62,118,31,112,96,106,45,17,61,27,114,2,82,107,113,20,46,36,54,43,39,121,95,66,12,22,9,13,101,5,50,59,119,52,57,129,49,7,125,29,120,58,124,65,84,89,77,117,34,3,21,32,19,1,40,38,116,70,111,0,75,10,4,123,68,87,85,63,60,108,127,104,44,15,25,128,126,18,99,94,102,86,11,80,78|_G195429]
  006		 11710.7683423363		[115,26,33,30,16,53,79,92,41,105,72,64,81,56,73,74,8,76,83,35,93,88,14,28,99,42,106,69,6,24,100,110,122,55,51,98,90,48,71,91,37,97,47,109,67,62,118,31,112,126,103,17,45,61,27,114,2,107,82,120,20,32,36,22,43,39,121,12,66,95,54,9,13,5,101,50,59,119,52,57,129,49,7,125,29,77,58,124,65,84,89,113,117,34,3,21,46,19,1,40,38,116,70,111,0,60,108,127,104,44,15,25,128,75,10,4,123,63,68,85,87,96,18,23,80,102,86,11,94,78|_G195828]
  007		 11711.8424418819		[28,26,33,30,16,53,79,92,41,105,72,64,81,56,73,74,8,76,83,35,93,88,14,115,23,42,103,69,6,24,100,110,122,55,51,98,90,48,71,91,37,97,47,109,67,62,118,31,112,96,106,45,17,61,27,114,2,82,107,113,20,32,36,54,43,39,121,12,66,95,22,9,13,5,101,50,59,119,52,57,129,49,7,125,29,120,58,124,65,84,89,77,117,34,3,21,46,19,1,40,38,116,70,111,0,75,10,4,123,87,63,85,68,60,108,127,104,15,44,25,128,126,18,99,94,102,86,11,80,78|_G196227]
  008		 11713.3518521059		[115,26,33,30,16,53,79,92,41,105,72,64,81,56,73,74,8,76,83,35,93,88,14,28,99,42,106,69,6,24,100,110,122,55,51,98,90,48,71,91,37,97,47,109,67,62,118,31,112,126,103,17,45,61,27,114,2,82,107,120,20,32,36,22,43,39,121,12,66,95,54,9,13,5,101,50,59,119,52,57,129,49,7,125,29,77,58,124,65,84,89,113,117,34,3,21,46,19,1,40,38,111,70,116,0,60,108,75,10,4,15,25,128,127,104,44,123,63,68,85,87,96,18,23,80,102,86,11,94,78|_G196626]
  009		 11715.9383991833		[28,26,33,30,16,53,79,92,41,105,72,64,81,56,73,74,8,76,83,35,93,88,14,115,23,42,103,69,6,24,100,110,122,55,51,98,90,48,71,91,37,97,47,109,67,62,118,31,112,96,106,17,45,61,27,114,2,82,107,113,20,32,36,54,43,39,121,12,66,95,22,9,13,5,101,50,59,119,52,57,129,49,7,125,29,120,58,124,65,84,89,77,117,34,3,21,46,19,1,40,38,116,70,111,0,75,10,4,63,87,68,85,123,60,108,127,104,44,15,25,128,126,18,99,94,78,86,11,80,102|_G197025]
  010		 11716.4401075143		[14,26,33,30,16,53,79,92,41,105,72,64,81,56,8,74,73,76,83,35,93,88,78,115,99,42,106,69,6,24,100,110,122,55,51,98,90,48,71,91,37,97,47,109,67,62,118,31,112,126,103,17,45,21,46,19,1,40,38,70,116,111,0,60,108,127,104,44,15,61,27,114,2,107,82,77,20,32,36,22,43,39,121,12,66,95,54,9,13,5,101,50,59,119,52,57,129,49,7,125,113,120,58,124,65,84,89,29,117,34,3,25,128,75,10,4,123,63,68,85,87,96,18,102,86,11,80,94,28,23|_G197424]
  011		 11718.9116724843		[94,26,33,30,16,53,79,92,41,105,72,64,81,56,73,74,8,76,83,35,93,88,14,115,23,42,103,69,6,24,100,110,122,55,51,98,90,48,71,91,37,97,47,109,67,62,118,31,112,96,106,45,17,61,27,114,2,82,107,113,20,46,36,54,43,39,121,95,66,12,22,9,13,5,101,50,59,119,52,57,129,49,7,125,29,120,58,124,65,84,89,77,117,34,3,21,32,19,1,40,38,116,70,111,0,75,10,108,123,68,87,85,63,60,4,127,104,44,15,25,128,126,18,99,28,102,86,11,80,78|_G197823]
  012		 11723.3754136781		[28,26,33,30,16,53,79,92,41,105,72,64,81,56,73,74,8,76,83,35,93,88,14,115,99,42,106,69,6,24,100,110,122,55,51,98,90,48,71,91,37,97,47,109,67,62,118,31,112,126,103,17,45,21,46,19,1,40,38,70,116,15,0,60,108,127,104,44,111,61,27,114,2,107,82,77,20,32,36,22,43,39,121,12,66,95,54,9,13,5,101,50,59,119,52,57,129,49,7,125,113,120,58,124,65,84,89,29,117,34,3,25,128,75,10,4,123,63,68,85,87,96,18,23,94,78,86,11,102,80|_G198222]
  013		 11724.2634122796		[115,26,33,30,16,53,79,92,41,105,72,64,81,56,73,74,8,76,83,35,93,88,14,28,99,42,106,69,6,24,100,110,122,55,51,98,90,48,71,91,37,97,47,109,67,62,118,31,112,126,103,17,45,61,27,114,2,107,82,120,20,32,36,22,43,39,121,12,66,95,54,9,13,5,101,50,59,119,52,57,129,49,7,125,29,77,58,124,65,84,89,113,117,34,3,21,46,19,1,40,38,111,70,116,0,60,108,127,104,44,15,25,128,75,10,4,123,63,68,85,87,96,18,23,80,102,86,11,94,78|_G198621]
  014		 11729.9841153192		[115,26,33,30,16,53,79,92,41,105,72,64,81,56,73,74,8,76,83,35,93,88,14,28,23,42,103,69,6,24,100,110,122,55,51,98,90,48,71,91,37,97,47,109,67,62,118,31,112,96,106,17,45,61,27,114,2,82,107,113,20,32,36,54,43,39,121,12,66,95,22,9,13,5,101,50,59,119,52,57,129,49,7,125,29,120,58,124,65,84,89,77,117,34,3,21,46,19,1,40,38,116,70,111,0,75,10,25,123,87,68,85,63,60,108,127,104,44,15,4,128,126,18,99,94,102,86,11,80,78|_G199020]
  015		 11730.6609034782		[115,26,33,30,16,53,79,92,41,105,72,64,81,56,73,74,8,76,83,35,93,88,14,28,99,42,106,69,6,24,100,110,122,55,51,98,90,48,71,91,37,97,47,109,67,62,118,31,112,126,103,17,45,61,27,114,2,82,107,120,20,32,36,54,43,39,121,12,66,95,22,9,13,5,101,50,59,119,52,57,129,49,7,125,29,77,58,124,65,84,89,113,117,34,3,21,46,19,1,40,38,111,70,116,0,60,108,127,104,44,15,25,128,75,10,4,123,63,68,85,87,96,18,23,80,102,86,11,94,78|_G199419]
  016		 11731.1463717999		[78,26,33,30,16,53,79,117,34,105,72,64,81,56,73,74,8,76,83,35,93,88,14,115,99,42,106,69,6,24,100,110,122,55,51,98,90,48,71,91,37,97,47,109,67,62,118,31,112,126,103,1,45,21,46,19,17,40,38,116,70,111,0,60,108,127,104,44,15,61,27,114,2,107,82,77,20,32,36,22,43,39,121,12,66,95,54,9,13,5,101,50,59,119,52,57,129,49,7,125,113,120,58,124,65,84,89,29,92,41,3,25,128,75,10,4,123,63,68,85,87,96,18,23,28,102,11,86,80,94|_G199818]
  017		 11733.9700729042		[115,26,33,30,16,53,79,92,41,105,72,64,81,56,73,74,8,76,83,35,93,88,14,28,23,42,103,69,6,24,100,110,122,55,51,98,90,48,71,91,37,97,47,109,67,62,118,31,112,96,106,45,17,61,27,114,2,82,107,113,20,46,36,54,43,39,121,95,66,12,22,9,13,5,101,50,59,119,52,57,129,49,7,125,29,120,58,124,65,84,89,77,117,34,3,21,32,19,1,40,38,116,70,111,0,75,10,4,123,68,87,85,63,60,108,127,104,44,15,25,128,126,18,99,94,102,11,86,80,78|_G200217]
  018		 11734.1866338052		[115,26,33,30,16,53,79,92,41,105,72,64,81,56,73,74,8,76,83,35,93,88,14,28,23,42,103,69,6,24,100,110,122,55,51,98,90,48,71,91,37,97,47,109,67,62,118,31,112,96,106,45,17,61,27,114,2,82,107,113,20,46,36,54,43,39,121,95,66,12,22,9,13,5,101,50,59,119,52,57,129,49,7,125,29,120,58,124,65,84,89,77,117,34,3,21,32,19,1,40,38,116,70,111,0,75,10,4,123,68,87,85,63,60,108,127,104,44,15,25,128,126,18,99,94,102,86,11,80,78|_G200616]
  019		 11735.0258813151		[18,26,33,30,16,53,79,92,41,105,72,64,81,56,73,74,8,76,83,35,93,88,14,115,99,42,106,69,6,24,100,110,122,55,51,98,90,48,71,91,37,97,47,109,67,62,118,31,112,126,103,45,17,21,46,19,1,40,38,116,70,111,0,60,108,127,104,44,15,61,27,114,2,107,82,77,20,32,36,22,43,39,121,12,66,95,54,9,13,5,101,50,59,119,52,57,129,49,7,125,113,120,58,124,65,84,89,29,117,34,3,25,128,75,10,4,123,63,68,85,87,96,28,102,86,11,80,94,78,23|_G201015]
  020		 11735.1647830805		[28,26,33,30,16,53,79,92,41,105,72,64,81,56,73,74,8,76,83,35,93,88,14,115,99,42,106,69,6,24,100,110,122,55,51,71,90,48,98,91,37,97,47,109,67,62,118,31,112,126,103,17,45,61,27,114,2,107,82,120,20,32,36,22,43,39,121,12,66,95,9,13,5,101,50,54,59,119,52,57,129,49,7,125,29,77,58,124,65,84,89,113,117,34,3,21,46,19,1,116,38,40,70,111,0,60,108,127,104,15,44,25,128,75,10,4,123,63,68,85,87,96,18,23,94,78,86,11,80,102|_G201414]
  021		 11735.8149460248		[14,26,33,30,16,53,79,92,41,105,72,64,81,56,73,74,8,76,83,35,93,88,78,115,99,42,106,69,6,24,100,110,122,55,51,98,90,48,71,91,37,97,47,109,67,62,118,31,112,126,103,17,45,21,46,19,1,40,38,70,116,111,0,60,108,127,104,44,15,61,27,114,2,107,82,77,20,32,36,22,43,39,121,12,66,95,54,9,13,5,101,50,59,119,52,57,129,49,7,125,113,120,58,124,65,84,89,29,117,34,3,25,128,75,10,4,123,63,68,85,87,96,18,102,80,11,86,94,28,23|_G201813]
  022		 11736.0864197382		[28,26,33,30,16,53,79,92,41,105,72,64,81,56,73,74,8,76,83,35,93,88,14,115,99,42,106,69,6,24,100,110,122,55,51,71,90,48,98,91,37,97,47,109,67,62,118,31,112,126,103,17,45,61,27,114,2,107,82,120,20,32,36,22,43,39,121,12,66,95,9,13,5,101,50,54,59,119,52,57,129,49,7,125,29,77,58,124,65,84,89,113,117,34,3,21,46,19,1,40,38,116,70,111,0,60,108,127,104,15,44,25,128,75,10,4,123,63,68,85,87,96,18,23,94,78,86,11,80,102|_G202212]
  023		 11742.4922038186		[94,26,33,30,16,53,79,92,41,105,72,64,81,56,73,74,8,76,83,35,93,88,14,115,23,42,103,69,6,24,100,110,122,55,51,98,90,48,71,91,37,97,47,109,67,62,118,31,112,96,106,45,17,61,27,114,2,82,107,113,20,46,36,54,43,39,121,95,66,12,22,9,13,5,101,50,59,119,52,57,129,49,7,125,29,120,58,124,65,84,89,77,117,34,3,21,32,19,1,40,38,116,70,111,0,75,10,4,123,68,87,85,63,60,108,127,104,44,15,25,128,126,18,99,28,102,86,11,80,78|_G202611]
  024		 11744.3462840682		[115,26,33,30,16,53,79,92,41,105,72,64,81,56,73,74,8,76,83,35,93,88,14,28,99,42,106,69,6,24,100,110,122,55,51,98,90,48,71,91,37,97,47,109,67,62,118,31,112,126,103,17,45,61,27,114,2,107,82,120,20,32,36,22,43,39,121,12,66,95,54,9,13,5,101,50,59,119,52,57,129,49,7,125,29,77,58,124,65,84,89,113,117,34,3,21,46,19,1,40,38,116,70,111,0,60,108,127,104,44,15,25,128,75,10,4,123,63,68,85,87,96,18,78,80,102,86,11,94,23|_G203010]
  025		 11745.1151724846		[28,26,33,30,16,53,79,92,41,105,72,64,81,56,73,74,8,76,83,35,93,88,14,115,99,42,106,69,6,24,100,110,122,55,51,71,90,48,98,91,37,97,62,109,67,47,118,31,112,126,103,45,17,61,27,114,2,107,82,77,20,32,36,22,43,39,121,12,66,95,9,13,5,101,50,54,59,119,52,57,129,49,7,125,29,120,58,124,65,84,89,113,117,34,3,21,46,19,1,40,38,116,70,111,0,60,108,127,104,15,44,25,128,75,10,4,123,63,68,85,87,96,18,23,80,102,86,11,78,94|_G203409]
  026		 11745.1591359439		[14,26,33,30,16,53,79,92,41,105,72,64,81,56,73,74,8,76,83,35,93,88,28,115,99,42,106,69,6,24,100,110,122,55,51,71,90,48,98,91,37,97,47,109,67,62,118,31,112,126,103,17,45,61,27,114,2,107,82,77,20,32,36,22,43,39,121,12,66,95,9,13,5,101,50,54,59,119,52,57,129,49,7,125,29,120,58,124,65,84,89,113,117,34,3,21,46,19,1,40,38,116,70,111,0,75,10,127,104,15,44,25,128,60,108,4,123,63,68,85,87,96,18,23,94,78,86,11,80,102|_G203808]
  027		 11745.6491822755		[14,26,33,30,16,53,79,92,41,105,72,64,81,56,73,74,8,76,83,35,93,88,78,115,99,42,106,69,6,24,100,110,122,55,51,98,90,48,71,91,37,97,47,109,67,62,112,31,118,126,103,17,45,21,46,19,1,40,38,70,116,111,0,60,108,127,104,44,15,61,27,114,2,107,82,77,20,32,36,22,43,39,121,12,66,95,54,9,13,5,101,50,59,119,52,57,129,49,7,125,113,120,58,124,65,84,89,29,117,34,3,25,128,75,10,4,123,63,68,85,87,96,18,102,86,11,80,94,23,28|_G204207]
  028		 11747.9734871646		[78,26,33,30,16,53,79,92,41,105,72,64,81,56,73,74,8,76,83,35,93,88,14,115,99,42,106,69,6,24,100,110,122,55,51,98,90,48,71,91,37,97,47,109,67,62,118,31,112,126,103,17,45,21,46,19,1,111,38,116,70,40,0,60,108,127,104,44,15,61,27,114,2,107,82,77,20,32,36,22,43,39,121,12,66,95,54,9,13,5,101,50,59,119,52,57,129,49,7,125,29,120,58,124,65,84,89,113,117,34,3,25,128,75,10,4,123,63,68,85,87,96,18,23,28,102,86,11,80,94|_G204606]
  029		 11749.5423732655		[78,26,33,30,16,53,79,92,41,105,72,64,81,56,73,74,8,76,83,35,93,88,14,115,99,42,106,69,6,24,100,110,122,55,51,98,90,48,71,91,37,97,47,109,67,62,118,31,112,126,103,17,45,21,46,19,1,111,38,116,70,40,0,60,108,127,104,44,15,61,27,114,2,107,82,77,20,32,36,22,43,39,121,12,66,95,54,9,13,5,101,50,59,119,52,57,129,49,7,125,29,120,58,124,65,84,89,113,117,34,3,25,128,75,10,4,123,63,68,85,87,96,18,23,28,11,86,102,80,94|_G205005]
  030		 11751.1692961845		[14,26,33,30,16,53,79,92,41,105,72,64,81,56,73,74,8,76,83,35,93,88,78,115,99,42,106,69,6,24,100,110,122,55,51,98,90,48,71,91,37,97,47,109,67,62,118,31,112,126,103,17,45,21,46,19,1,40,38,70,116,111,0,60,108,127,104,44,15,61,27,114,2,107,82,77,20,32,36,22,43,39,121,12,66,95,54,9,13,5,101,50,59,119,52,57,129,49,7,125,113,120,58,124,65,84,89,29,117,34,3,25,128,75,10,4,123,63,68,85,87,96,18,102,86,11,80,94,23,28|_G205404]
  031		 11751.2219573384		[28,26,33,30,16,53,79,92,41,105,72,64,81,56,73,74,8,76,83,35,93,88,14,115,99,42,106,69,6,24,122,110,100,55,51,71,90,48,98,91,37,97,47,109,67,62,118,31,112,126,103,17,45,21,46,19,1,40,38,70,116,111,0,60,108,127,104,44,15,61,27,114,2,107,82,77,20,32,36,22,43,39,121,12,66,95,54,9,13,5,101,50,59,119,52,57,129,49,7,125,29,120,58,124,65,84,89,113,117,34,3,25,128,75,10,4,123,63,68,85,87,96,18,23,94,78,86,11,80,102|_G205803]
  032		 11751.4486549136		[78,26,33,30,16,53,79,92,41,105,72,64,81,56,73,74,8,76,83,35,93,88,14,115,99,42,106,69,6,24,100,110,122,55,51,71,90,48,98,91,37,97,62,109,67,47,118,31,112,126,103,45,17,61,27,114,2,107,82,77,20,32,36,22,43,39,121,12,66,95,9,13,5,101,50,54,59,119,52,57,129,49,7,125,29,120,58,124,65,84,89,113,117,34,3,21,46,19,1,40,38,116,70,111,0,60,108,127,104,15,44,25,128,75,10,4,123,63,68,85,87,96,18,23,28,102,86,11,80,94|_G206202]
  033		 11753.5938857507		[28,26,33,30,16,53,79,92,41,105,72,64,81,56,73,74,8,76,83,35,93,88,14,115,23,42,103,69,6,24,100,110,122,55,51,98,90,48,71,91,37,97,47,109,67,62,118,31,112,96,106,17,45,61,27,114,2,82,107,113,20,32,36,54,43,39,121,12,66,95,22,9,13,5,101,50,59,119,52,57,129,49,7,125,29,120,58,124,65,84,89,77,117,34,3,21,46,19,1,40,0,44,10,4,123,87,68,85,63,60,108,127,104,38,116,111,70,75,15,25,128,126,18,99,94,78,86,11,80,102|_G206601]
  034		 11753.8507983254		[115,26,33,30,16,53,79,92,41,105,72,64,81,56,73,74,8,76,83,35,93,88,28,14,99,126,106,69,6,24,100,110,122,55,51,71,90,48,98,91,37,97,47,109,67,62,118,31,112,42,103,17,45,61,27,114,2,107,82,77,20,32,36,22,43,39,121,12,66,95,9,13,5,101,50,54,59,119,52,57,129,49,7,125,29,120,58,124,65,84,89,113,117,34,3,21,46,19,1,40,38,116,70,111,0,60,108,127,104,15,44,25,128,75,10,4,123,63,68,85,87,96,18,23,94,78,86,11,80,102|_G207000]
  035		 11754.1941309883		[115,26,33,30,16,53,79,92,41,105,72,64,81,56,73,74,8,76,83,35,93,88,14,28,23,42,103,69,6,24,100,110,122,55,51,98,90,48,71,91,37,97,47,109,67,62,118,31,112,96,106,17,45,61,27,114,2,82,107,113,20,32,36,54,43,39,121,12,66,95,22,9,13,5,101,50,59,119,52,57,129,49,7,125,29,120,58,124,65,84,89,77,117,34,3,21,46,19,1,40,38,116,70,111,0,75,10,4,123,87,68,85,63,60,108,127,104,44,15,25,128,126,18,99,94,102,86,11,80,78|_G207399]
  036		 11755.4806716507		[28,26,33,30,16,53,79,92,41,105,72,64,81,56,73,74,8,76,83,35,93,88,14,115,23,42,103,69,6,24,100,110,122,55,51,98,90,48,71,91,37,97,47,109,67,62,118,31,112,96,106,45,17,61,27,114,2,82,107,113,20,32,36,54,43,39,121,12,66,95,22,9,13,5,101,50,59,119,52,57,129,49,7,125,29,120,58,124,65,84,89,77,117,34,3,21,46,19,1,40,38,116,70,111,0,75,10,4,123,87,68,85,63,60,108,127,104,44,15,25,128,126,18,99,94,102,86,11,80,78|_G207798]
  037		 11755.9580444185		[28,26,33,30,16,53,79,92,41,105,72,64,81,56,73,74,8,76,83,35,93,88,14,115,99,42,106,69,6,24,100,110,122,55,51,71,90,48,98,91,37,97,47,109,67,62,118,31,112,126,103,45,17,61,27,114,2,107,82,77,20,32,36,22,43,39,121,12,66,95,9,13,5,101,50,54,59,119,52,57,129,49,7,125,29,120,58,124,65,84,89,113,117,34,3,21,46,19,1,40,38,116,70,111,0,60,108,127,104,15,44,25,128,75,10,4,123,63,68,85,87,96,18,23,78,94,86,11,102,80|_G208197]
  038		 11756.4204388506		[115,26,33,30,16,53,79,92,41,105,72,64,81,56,73,74,8,76,83,31,93,88,14,28,23,42,103,69,6,24,100,110,122,55,51,98,90,48,71,91,37,97,47,109,67,62,118,35,112,96,106,45,17,61,27,114,2,82,107,113,20,46,36,54,43,39,121,66,12,95,22,9,13,5,101,50,59,119,52,57,129,49,7,125,29,120,58,124,65,84,89,77,117,34,3,21,32,19,1,40,38,116,70,111,0,75,10,4,123,68,87,85,63,60,108,127,104,44,15,25,128,126,18,99,94,102,86,11,80,78|_G208596]
  039		 11756.7461882457		[115,26,33,30,16,53,79,92,41,105,72,64,81,56,73,74,8,76,83,35,93,88,14,28,99,42,106,69,6,24,100,110,122,55,51,98,90,48,71,91,37,97,47,109,67,62,118,31,112,126,103,17,45,61,27,114,2,107,82,120,20,32,36,22,43,39,121,12,66,95,54,9,13,5,101,50,59,119,52,57,129,49,7,125,29,77,58,124,65,84,89,113,117,34,3,21,46,19,1,40,38,116,70,111,0,60,108,127,104,44,15,25,128,75,10,4,123,63,68,85,87,96,18,23,86,102,80,11,94,78|_G208995]
  040		 11759.8359021503		[115,26,33,30,16,53,79,92,41,105,72,64,81,56,73,74,8,76,83,31,93,88,14,28,23,42,103,69,6,24,100,110,122,55,51,98,90,48,71,91,37,97,47,109,67,62,118,35,112,96,106,45,17,61,27,114,2,82,107,113,20,46,36,54,43,39,121,12,66,95,22,9,13,5,101,50,59,119,52,57,129,49,7,125,29,120,58,124,65,84,89,77,117,34,3,21,32,19,1,40,38,116,70,111,0,75,10,4,123,68,87,85,63,60,108,127,104,44,15,25,128,126,18,99,94,102,86,11,80,78|_G209394]
  041		 11762.0642440925		[115,26,33,30,16,53,79,92,41,105,72,64,81,56,73,74,8,76,83,35,93,88,28,14,99,42,106,69,6,24,122,110,100,55,51,71,90,48,98,91,37,97,47,109,67,62,118,31,112,126,103,17,45,61,27,114,2,107,82,77,20,32,36,22,43,39,121,12,66,95,9,13,5,101,50,54,59,119,52,57,129,49,7,125,29,120,58,124,65,84,89,113,117,34,3,21,46,19,1,40,38,111,70,116,0,60,108,127,104,15,44,25,128,75,10,4,123,63,68,85,87,96,18,23,94,78,86,11,80,102|_G209793]
  042		 11762.4997010017		[94,26,33,30,16,53,79,92,41,105,72,64,81,56,73,74,8,76,83,35,93,88,14,115,23,42,103,69,6,24,100,110,122,55,51,98,90,48,71,91,37,97,47,109,67,62,118,31,112,96,106,17,45,61,27,114,2,82,107,113,20,32,36,54,43,39,121,12,66,95,22,9,13,5,101,50,59,119,52,57,129,49,7,125,29,120,58,124,65,84,89,77,117,34,3,21,46,19,1,40,38,116,70,111,0,75,10,4,123,87,68,85,63,60,108,127,104,44,15,25,128,126,18,99,28,102,86,11,80,78|_G210192]
  043		 11762.5056086527		[78,26,33,30,16,53,79,92,41,105,72,64,81,56,73,74,8,76,83,35,93,88,14,115,99,42,106,69,6,24,100,110,122,55,51,98,90,48,71,91,37,97,47,109,67,62,118,31,112,126,103,17,45,21,46,19,1,70,38,116,40,111,0,60,108,127,104,44,15,61,27,114,2,107,82,77,20,32,36,22,43,39,121,12,66,95,54,9,13,5,101,50,59,119,52,57,129,49,7,125,113,120,58,124,65,84,89,29,117,34,3,25,128,75,10,4,123,63,68,85,87,96,18,23,28,102,86,11,80,94|_G210591]
  044		 11763.1718843300		[18,26,33,30,16,53,79,92,41,105,72,64,81,56,73,74,8,76,83,35,93,88,14,115,99,42,106,69,6,24,100,110,122,55,51,98,90,48,71,91,37,97,47,109,67,62,118,31,112,126,103,17,45,21,46,19,1,40,38,116,70,111,0,60,108,127,104,44,15,61,27,114,2,107,82,77,20,32,36,22,43,39,121,12,66,95,54,9,13,5,101,50,59,119,52,57,129,49,7,125,113,120,58,124,65,84,89,29,117,34,3,25,128,75,10,4,123,63,68,85,87,96,28,102,86,11,80,94,78,23|_G210990]
  045		 11763.7815539897		[94,26,33,30,16,53,79,92,41,105,72,64,81,56,73,74,8,76,83,35,93,88,14,115,99,42,106,69,6,24,100,110,122,55,51,98,90,48,71,91,37,97,47,109,67,62,118,31,112,126,103,17,45,21,46,19,1,40,38,116,70,111,0,60,108,127,104,44,15,61,27,114,2,107,82,77,20,32,36,39,43,22,121,12,66,95,54,9,13,5,101,50,59,119,52,57,129,49,7,125,29,120,58,124,65,84,89,113,117,34,3,25,128,75,10,4,123,63,68,85,87,96,18,23,28,102,86,11,80,78|_G211389]
  046		 11766.4013526132		[18,26,33,30,16,53,79,92,41,105,72,64,81,56,73,74,8,76,83,35,93,88,78,115,99,42,106,69,6,24,100,110,122,55,51,98,90,48,71,91,37,97,47,109,67,62,118,31,112,126,103,17,45,21,46,19,1,40,38,70,116,111,0,60,108,127,104,44,15,61,27,114,2,107,82,77,20,32,36,22,43,39,121,12,66,95,54,9,13,5,101,50,59,119,52,57,129,49,7,125,113,120,58,84,65,124,89,29,117,34,3,25,128,75,10,4,123,63,68,85,87,96,14,102,86,11,80,94,28,23|_G211788]
  047		 11768.1414721636		[94,26,33,30,16,53,79,92,41,105,72,64,81,56,73,74,8,76,83,31,93,88,14,115,23,42,103,69,6,24,100,110,122,55,51,98,90,48,71,91,37,97,47,109,67,62,118,35,112,96,106,45,17,61,27,114,2,82,107,113,20,46,36,54,43,39,121,12,66,95,22,9,13,5,101,50,59,119,52,57,129,49,7,125,29,120,58,124,65,84,89,77,117,34,3,21,32,19,1,40,38,116,70,111,0,75,10,4,123,68,87,85,63,60,108,127,104,44,15,25,128,126,18,99,28,102,86,11,80,78|_G212187]
  048		 11768.8528888861		[28,26,33,30,16,53,79,92,41,105,72,64,81,56,73,74,8,76,83,35,93,88,14,115,23,42,103,69,6,24,100,110,122,55,51,98,90,48,71,91,37,97,47,109,67,62,118,31,112,96,106,17,45,61,27,114,2,82,107,113,20,46,36,54,43,39,121,12,66,95,22,9,13,5,101,50,59,119,52,57,129,49,7,125,29,120,58,124,65,84,89,77,117,34,3,21,32,19,1,40,38,116,70,111,0,75,10,4,63,87,68,85,123,60,108,127,104,44,15,25,128,126,18,99,94,78,86,11,80,102|_G212586]
  049		 11769.4008826146		[99,26,33,30,16,53,79,92,41,105,72,64,81,56,73,74,8,76,83,35,93,88,78,115,14,42,106,69,6,24,100,110,122,55,51,98,90,48,71,91,37,97,47,109,67,62,118,31,112,126,103,17,45,21,46,19,1,40,38,70,116,111,0,60,108,127,104,44,15,61,27,114,2,107,82,77,20,32,36,22,43,39,121,12,66,95,54,9,13,5,101,50,59,119,52,57,129,49,7,125,113,120,58,84,65,124,89,29,117,34,3,25,128,75,10,4,123,63,68,85,87,96,18,102,86,11,80,94,28,23|_G212985]
  050		 11773.0861182925		[14,26,33,30,16,53,79,92,41,105,72,64,81,56,73,74,8,76,83,35,93,88,78,115,99,42,106,69,6,24,100,110,122,55,51,98,90,48,71,91,37,97,47,109,67,62,118,31,112,126,103,17,45,21,46,19,1,40,38,70,116,111,0,60,108,127,104,44,15,61,27,114,2,107,82,77,20,32,36,22,43,39,121,12,66,95,54,9,13,5,101,50,59,119,52,57,129,49,7,125,113,120,58,124,65,84,89,29,117,34,3,25,128,123,10,4,75,63,68,85,87,96,18,102,86,11,80,94,23,28|_G213384]
  051		 11774.3301783326		[28,26,33,30,16,53,79,92,41,105,72,64,81,56,73,74,8,76,83,35,93,88,14,115,99,42,106,69,6,24,100,110,122,55,51,98,90,48,71,91,37,97,47,109,67,62,118,31,112,126,103,17,45,21,46,19,1,40,38,70,116,15,0,60,108,127,104,44,111,61,27,114,2,107,82,77,20,32,36,22,43,39,121,12,66,95,54,9,13,5,101,50,59,119,52,57,129,49,7,125,113,120,58,124,65,84,89,29,117,34,3,25,128,75,10,4,123,63,68,85,87,96,18,23,102,80,86,11,94,78|_G213783]
  052		 11774.5114825628		[14,26,33,30,16,53,79,92,41,105,72,64,81,56,73,74,8,76,83,35,93,88,78,115,99,42,106,69,6,24,100,110,122,55,51,98,90,48,71,91,37,97,47,109,67,62,118,31,112,126,103,17,45,21,46,19,1,40,38,70,116,111,0,60,108,127,104,44,15,61,27,114,2,107,82,77,20,32,36,22,43,39,121,12,66,95,54,9,13,5,101,50,59,119,52,57,129,49,7,125,113,120,58,124,65,84,89,29,117,34,3,25,128,75,10,4,123,63,68,85,87,96,18,102,86,11,80,94,28,23|_G214182]
  053		 11775.0893954170		[14,26,33,30,16,53,79,92,41,105,72,64,81,56,73,74,8,76,83,35,93,88,78,115,99,42,106,69,6,24,100,110,122,55,51,98,90,48,71,91,37,97,47,109,67,62,118,31,112,126,103,17,45,21,46,19,1,40,38,70,116,111,0,60,108,127,104,44,15,61,27,114,2,107,82,77,20,32,36,22,43,39,121,12,66,95,54,9,13,5,101,50,59,119,52,57,129,49,7,125,113,120,58,84,65,124,89,29,117,34,3,25,128,75,10,4,123,63,68,85,87,96,18,102,86,11,80,94,28,23|_G214581]
  054		 11775.8688281617		[28,26,33,30,16,53,79,92,41,105,72,64,81,56,73,74,8,76,83,35,93,88,14,115,23,42,103,69,6,24,100,110,122,55,51,98,90,48,71,91,37,97,47,109,67,62,118,31,112,96,106,17,45,61,27,114,2,82,107,113,20,32,36,22,43,39,121,12,66,95,54,9,13,5,101,50,59,119,52,57,129,49,7,125,29,120,58,124,65,84,89,77,117,34,3,21,46,19,1,40,38,116,70,111,0,60,108,127,104,44,15,25,123,75,10,4,85,87,68,63,128,126,18,99,94,78,86,11,102,80|_G214980]
  055		 11776.6542868792		[28,26,33,30,16,53,79,92,41,105,72,64,81,56,73,74,8,76,83,35,93,88,14,115,99,42,106,69,6,24,100,110,122,55,51,71,90,48,98,91,37,97,47,109,67,62,118,31,112,126,103,1,17,61,27,114,2,107,82,77,20,32,36,22,43,39,121,12,66,95,9,13,5,101,50,54,59,119,52,57,129,49,7,125,29,120,58,124,65,84,89,113,117,34,3,21,46,19,45,40,38,116,70,111,0,60,108,44,104,15,127,25,128,75,10,4,123,63,68,85,87,96,18,23,78,94,86,11,102,80|_G215379]
  056		 11776.8536638192		[115,26,33,30,16,53,79,92,41,105,72,64,81,56,73,74,8,76,83,35,93,88,28,14,99,42,106,69,6,24,122,110,100,55,51,71,90,48,98,91,37,97,47,109,67,62,118,31,112,126,103,17,45,61,27,114,2,107,82,77,20,46,36,22,43,39,121,12,66,95,9,13,5,101,50,54,59,119,52,57,129,49,7,125,29,120,58,124,65,84,89,113,117,34,3,21,32,19,1,40,38,116,70,111,0,60,108,127,104,15,44,4,128,75,10,123,25,63,68,85,87,96,18,78,86,11,80,102,23,94|_G215778]
  057		 11777.5181724990		[78,26,33,30,16,53,79,92,41,105,72,64,81,56,73,74,8,76,83,35,93,88,14,115,99,42,106,69,6,112,100,110,122,55,51,98,90,48,71,91,37,97,47,109,67,62,118,31,24,126,103,17,45,21,46,19,1,40,38,116,70,111,0,60,108,127,104,44,15,61,27,114,2,107,82,77,20,32,36,39,43,22,121,12,66,95,54,9,13,5,101,50,59,119,52,57,129,49,7,125,29,120,58,124,65,84,89,113,117,34,3,25,128,75,10,4,123,63,68,85,87,96,18,23,28,102,86,11,80,94|_G216177]
  058		 11778.0913182312		[28,26,33,30,16,53,79,92,41,105,72,64,81,56,73,74,8,76,83,35,93,88,14,115,23,42,103,69,6,24,100,110,122,55,51,98,90,48,71,91,37,97,47,109,67,62,118,31,112,96,106,17,45,61,27,114,2,82,107,113,20,32,36,54,43,39,121,12,66,95,22,9,13,5,101,50,59,119,52,57,129,49,7,125,29,120,58,124,65,84,89,77,117,34,3,21,46,19,1,40,0,44,10,4,123,87,68,85,63,60,108,127,104,38,116,70,111,75,15,25,128,126,18,99,94,78,86,11,80,102|_G216576]
  059		 11779.4388896040		[78,26,33,30,16,53,79,92,41,105,72,64,81,56,73,74,8,76,83,35,93,88,14,115,99,42,106,69,6,24,100,110,122,55,51,98,90,48,71,91,37,97,47,109,67,62,118,31,112,126,103,17,45,21,46,19,1,40,38,116,70,111,0,60,108,127,104,44,15,61,27,114,2,107,82,77,20,32,36,22,43,39,121,12,66,95,54,9,13,5,101,50,59,119,52,57,129,49,7,125,29,120,58,124,65,84,89,113,117,34,3,25,128,75,10,4,123,63,68,85,87,96,18,23,28,102,86,11,80,94|_G216975]
  060		 11779.5130098934		[94,26,33,30,16,53,79,92,41,105,72,64,81,56,73,74,8,76,83,35,93,88,14,115,99,42,106,69,6,112,100,110,122,55,51,98,90,48,71,91,37,97,47,109,67,62,118,31,24,126,103,17,45,21,46,19,1,40,38,116,70,111,0,60,108,127,104,44,15,61,27,114,2,107,82,77,20,32,36,39,43,22,121,12,66,95,54,9,13,5,101,50,59,119,52,57,129,49,7,125,29,120,58,124,65,84,89,113,117,34,3,25,128,75,10,4,123,63,68,85,87,96,18,23,28,102,86,11,80,78|_G217374]
  061		 11779.9220629151		[78,26,33,30,16,53,79,92,41,105,72,64,81,56,73,74,8,76,83,35,93,88,14,115,99,42,106,69,6,24,100,110,122,55,51,98,90,48,71,91,37,97,47,109,67,62,118,31,112,126,103,17,45,21,46,19,1,70,38,116,40,111,0,60,108,127,104,44,15,61,27,114,2,107,82,77,20,32,36,22,43,39,121,12,66,95,54,9,13,5,101,50,59,119,52,57,129,49,7,125,113,120,58,124,65,84,89,29,117,34,3,25,123,75,10,4,128,63,68,85,87,96,18,23,28,102,86,11,80,94|_G217773]
  062		 11780.7476114257		[78,26,33,30,16,53,79,92,41,105,72,64,81,56,73,74,8,76,83,35,93,88,14,115,99,42,106,69,6,24,100,110,122,55,51,71,90,48,98,91,37,97,47,109,67,62,118,31,112,126,103,45,17,61,27,114,2,107,82,77,20,32,36,22,43,39,121,12,66,95,9,13,5,101,50,54,59,119,52,57,129,49,7,125,29,120,58,124,65,84,89,113,117,34,3,21,46,19,1,40,38,116,70,111,0,60,108,127,104,15,44,25,128,75,10,4,123,63,68,85,87,96,18,23,28,102,11,86,80,94|_G218172]
  063		 11780.8059573546		[23,26,33,30,16,53,79,92,41,105,72,64,81,56,73,74,8,76,83,35,93,88,28,14,99,42,106,69,6,24,100,110,122,55,51,71,90,48,98,91,37,97,47,109,67,62,118,31,112,126,103,17,45,61,27,114,2,107,82,77,20,32,36,22,43,39,121,12,66,95,9,13,5,101,50,54,59,119,52,57,129,49,7,125,29,120,58,124,65,84,89,113,117,34,3,21,46,19,1,40,38,116,70,111,0,60,108,127,104,15,44,25,128,75,10,4,123,63,68,85,87,96,18,115,94,78,86,11,80,102|_G218571]
  064		 11780.9641723267		[78,26,33,30,16,53,79,92,41,105,72,64,81,56,73,74,8,76,83,35,93,88,14,115,99,42,106,69,6,24,100,110,122,55,51,71,90,48,98,91,37,97,47,109,67,62,118,31,112,126,103,45,17,61,27,114,2,107,82,77,20,32,36,22,43,39,121,12,66,95,9,13,5,101,50,54,59,119,52,57,129,49,7,125,29,120,58,124,65,84,89,113,117,34,3,21,46,19,1,40,38,116,70,111,0,60,108,127,104,15,44,25,128,75,10,4,123,63,68,85,87,96,18,23,28,102,86,11,80,94|_G218970]
  065		 11781.4337269984		[94,26,33,30,16,53,79,92,41,105,72,64,81,56,73,74,8,76,83,35,93,88,14,115,99,42,106,69,6,24,100,110,122,55,51,98,90,48,71,91,37,97,47,109,67,62,118,31,112,126,103,17,45,21,46,19,1,40,38,116,70,111,0,60,108,127,104,44,15,61,27,114,2,107,82,77,20,32,36,22,43,39,121,12,66,95,54,9,13,5,101,50,59,119,52,57,129,49,7,125,29,120,58,124,65,84,89,113,117,34,3,25,128,75,10,4,123,63,68,85,87,96,18,23,28,102,86,11,80,78|_G219369]
  066		 11782.3412486035		[78,26,33,30,16,53,79,92,41,105,72,64,81,56,73,74,8,76,83,35,93,88,14,115,99,42,106,69,6,24,100,110,122,55,51,98,90,48,71,91,37,97,47,109,67,62,118,31,112,126,103,17,45,21,46,19,1,40,38,116,70,111,0,60,108,127,104,44,15,61,27,114,2,107,82,77,20,32,36,22,43,39,121,12,66,95,54,9,13,5,101,50,59,119,52,57,129,49,7,125,113,120,58,124,65,84,89,29,117,34,3,25,128,75,10,4,123,63,68,85,87,96,18,23,28,102,11,86,80,94|_G219768]
  067		 11782.4052179521		[78,26,33,30,16,53,79,117,34,105,72,64,81,56,73,74,8,76,83,35,93,88,14,115,99,42,106,69,6,24,100,110,122,55,51,98,90,48,71,91,37,97,47,109,67,62,118,31,112,126,103,17,45,21,46,19,1,40,38,116,70,111,0,60,108,127,104,44,15,61,27,114,2,107,82,77,20,32,36,22,43,39,121,12,66,95,54,9,13,5,101,50,59,119,52,57,129,49,7,125,113,120,58,124,65,84,89,29,92,41,3,25,128,75,10,4,123,63,68,85,87,96,18,23,28,102,11,86,80,94|_G220167]
  068		 11782.5578095045		[78,26,33,30,16,53,79,92,41,105,72,64,81,56,73,74,8,76,83,35,93,88,14,115,99,42,106,69,6,24,100,110,122,55,51,98,90,48,71,91,37,97,47,109,67,62,118,31,112,126,103,17,45,21,46,19,1,40,38,116,70,111,0,60,108,127,104,44,15,61,27,114,2,107,82,77,20,32,36,22,43,39,121,12,66,95,54,9,13,5,101,50,59,119,52,57,129,49,7,125,113,120,58,124,65,84,89,29,117,34,3,25,128,75,10,4,123,63,68,85,87,96,18,23,28,102,86,11,80,94|_G220566]
  069		 11782.9070702891		[28,26,33,30,16,53,79,92,41,105,72,64,81,56,73,74,8,76,83,35,93,88,14,115,99,42,106,69,6,24,100,110,122,55,51,71,90,48,98,91,37,97,47,109,67,62,118,31,112,126,103,17,45,61,27,114,2,82,107,77,20,32,36,22,43,39,121,12,66,95,9,13,5,101,50,54,59,119,52,57,129,49,7,125,29,120,58,124,65,84,89,113,117,34,3,21,46,19,1,40,38,116,70,111,0,60,108,127,104,15,44,25,128,75,10,4,123,63,68,85,87,96,18,23,94,78,86,11,80,102|_G220965]
  070		 11783.1364096943		[78,26,33,30,16,53,79,92,41,105,72,64,81,56,73,74,8,76,83,35,93,88,14,115,99,42,106,69,6,24,100,110,122,55,51,71,90,48,98,91,37,97,47,109,67,62,118,31,112,126,103,45,17,61,27,114,2,107,82,77,20,32,36,22,43,39,121,12,66,95,9,13,5,101,50,54,59,119,52,57,129,49,7,125,29,120,58,124,65,84,89,113,117,34,3,21,46,19,1,40,38,116,70,111,0,60,108,127,104,15,44,25,128,75,10,4,123,63,68,85,87,96,18,23,28,86,11,80,102,94|_G221364]
  071		 11783.2373338772		[115,26,33,30,16,53,79,92,41,105,72,64,81,56,73,74,8,76,83,35,93,88,14,28,99,42,106,69,6,24,100,110,122,55,51,71,90,48,98,91,37,97,62,109,67,47,118,31,112,126,103,45,17,61,27,114,2,107,82,77,20,32,36,22,43,39,121,12,66,95,9,13,5,101,50,54,59,119,52,57,129,49,7,125,29,120,58,124,65,84,89,113,117,34,3,21,46,19,1,40,38,116,70,111,0,60,108,127,104,15,44,25,128,75,10,4,123,63,68,85,87,96,18,23,78,102,86,11,80,94|_G221763]
  072		 11784.7481416457		[28,26,33,30,16,53,79,92,41,105,72,64,81,56,73,74,8,76,83,35,93,88,14,115,23,42,103,69,6,24,100,110,122,55,51,98,90,48,71,91,37,97,47,109,67,62,118,31,112,96,106,45,17,61,27,114,2,82,107,113,20,32,36,54,43,39,121,12,66,95,22,9,13,5,101,50,59,119,52,57,129,49,7,125,29,120,58,124,65,84,89,77,117,34,3,21,46,19,1,40,38,116,70,111,0,75,10,4,123,87,63,85,68,60,108,127,104,44,15,25,128,126,18,99,94,102,86,11,80,78|_G222162]
  073		 11786.3263535074		[28,26,33,30,16,53,79,92,41,105,72,64,81,56,73,74,8,76,83,35,93,88,14,115,23,42,103,69,6,24,100,110,122,55,51,98,90,48,71,91,37,97,47,109,67,62,118,31,112,96,106,17,45,61,27,114,2,82,107,113,20,32,36,54,43,39,121,12,66,95,22,9,13,5,101,50,59,119,52,57,129,49,7,125,29,120,58,124,65,84,89,77,117,34,3,21,46,19,1,40,38,116,70,111,0,44,10,4,123,87,68,85,63,60,15,127,104,75,128,25,108,126,18,99,94,78,86,11,80,102|_G222561]
  074		 11786.3531683845		[28,26,33,30,16,53,79,92,41,105,72,64,81,56,73,74,8,76,83,35,93,88,14,115,99,42,106,69,6,24,100,110,122,55,51,71,90,48,98,91,37,97,47,109,67,62,118,31,112,126,103,17,45,61,27,114,2,107,82,77,20,32,36,22,43,39,121,12,66,95,9,13,5,101,50,54,59,119,52,57,129,49,7,125,29,120,58,124,65,84,89,113,117,34,3,21,46,19,1,40,38,116,70,111,0,60,108,127,104,15,44,25,128,75,10,4,123,63,68,85,87,96,18,23,94,78,86,11,80,102|_G222960]
  075		 11786.4704459723		[115,26,33,30,16,53,79,92,41,105,72,64,81,56,73,74,8,76,83,35,93,88,28,14,99,42,106,69,6,24,100,110,122,55,51,71,90,48,98,91,37,97,47,109,67,62,112,31,118,126,103,17,45,61,27,114,2,107,82,77,20,32,36,22,43,39,121,12,66,95,9,13,5,101,50,54,59,119,52,57,129,49,7,125,29,120,58,124,65,84,89,113,117,34,3,21,46,19,1,40,38,116,70,111,0,60,108,127,104,15,44,25,128,75,10,4,123,63,68,85,87,96,18,23,94,78,86,11,80,102|_G223359]
  076		 11786.6571226089		[28,26,33,30,16,53,79,92,41,105,72,64,81,56,73,74,8,76,83,35,93,88,14,115,23,42,103,69,6,24,100,110,122,55,51,98,90,48,71,91,37,97,47,109,67,62,118,31,112,96,106,17,45,61,27,114,2,82,107,113,20,32,36,54,43,39,121,12,66,95,22,9,13,5,101,50,59,119,52,57,129,49,7,125,29,120,58,124,65,84,89,77,117,34,3,21,46,19,1,40,38,116,70,111,0,60,108,127,104,44,15,25,75,10,4,85,87,68,63,123,128,126,18,99,94,78,86,11,80,102|_G223758]
  077		 11790.2479179146		[28,26,33,30,16,53,79,92,41,105,72,64,81,56,73,74,8,76,83,35,93,88,14,115,23,42,103,69,6,24,100,110,122,55,51,98,90,48,71,91,37,97,47,109,67,62,118,31,112,96,106,17,45,61,27,114,2,82,107,113,20,32,36,54,43,39,121,12,66,95,22,9,13,5,101,50,59,119,52,57,129,49,7,125,29,120,58,124,65,84,89,77,117,34,3,21,46,19,1,40,38,116,70,111,0,44,10,4,123,87,68,85,63,60,108,127,104,75,15,25,128,126,18,99,94,78,86,11,80,102|_G224157]
  078		 11791.0689232236		[115,26,33,30,16,53,79,92,41,105,72,64,81,56,73,74,8,76,83,35,93,88,28,14,99,42,106,69,6,24,100,110,122,55,51,71,90,48,98,91,37,97,47,109,67,62,118,31,112,126,103,17,45,61,27,114,2,107,82,77,20,32,36,22,43,39,121,12,66,95,9,13,5,101,50,54,59,119,52,57,129,49,7,125,29,120,58,124,65,84,89,113,117,34,3,21,46,19,1,116,38,40,70,111,0,60,108,127,104,15,44,25,128,75,10,4,123,63,68,85,87,96,18,23,94,78,86,11,80,102|_G224556]
  079		 11791.9905598813		[115,26,33,30,16,53,79,92,41,105,72,64,81,56,73,74,8,76,83,35,93,88,28,14,99,42,106,69,6,24,100,110,122,55,51,71,90,48,98,91,37,97,47,109,67,62,118,31,112,126,103,17,45,61,27,114,2,107,82,77,20,32,36,22,43,39,121,12,66,95,9,13,5,101,50,54,59,119,52,57,129,49,7,125,29,120,58,124,65,84,89,113,117,34,3,21,46,19,1,40,38,116,70,111,0,60,108,127,104,15,44,25,128,75,10,4,123,63,68,85,87,96,18,23,94,78,86,11,80,102|_G224955]
  080		 11792.0850922469		[28,26,33,30,16,53,79,92,41,105,72,64,81,56,73,74,8,76,83,35,93,88,14,115,99,42,106,69,6,24,100,110,122,55,51,98,90,48,71,91,37,97,47,109,67,62,118,31,112,126,103,17,45,21,46,19,1,40,38,70,116,111,0,60,108,127,104,44,15,61,27,114,2,107,82,77,20,32,36,39,43,22,121,12,66,95,54,9,13,101,5,50,59,119,52,57,129,49,7,125,113,120,58,124,65,84,89,29,117,34,3,25,128,75,10,4,85,63,68,123,87,96,18,23,94,78,11,86,80,102|_G225354]
  081		 11792.4222976828		[23,26,33,30,16,53,79,92,41,105,72,64,81,56,73,74,8,76,83,35,93,88,14,115,99,42,106,69,6,24,100,110,122,55,51,71,90,48,98,91,37,97,47,109,67,62,118,31,112,126,103,45,17,61,27,114,2,107,82,77,20,32,36,22,43,39,121,12,66,95,9,13,5,101,50,54,59,119,52,57,129,49,7,29,125,120,58,124,65,84,89,113,117,34,3,21,46,19,1,40,38,116,70,111,0,60,108,127,104,15,44,25,128,75,10,4,123,63,68,85,87,96,18,28,102,86,11,80,78,94|_G225753]
  082		 11792.5902492202		[115,26,33,30,16,53,79,92,41,105,72,64,81,56,73,74,8,76,83,35,93,88,28,14,99,42,106,69,6,24,100,110,122,55,51,71,90,48,98,91,37,97,47,109,67,62,118,31,112,126,103,17,45,61,27,114,2,107,82,77,20,32,36,22,43,39,121,12,66,95,9,13,5,101,50,54,59,119,52,57,129,49,7,125,29,120,58,124,65,84,89,113,117,34,3,21,46,19,1,116,38,40,70,111,0,60,108,127,104,15,44,25,128,75,10,4,123,63,68,85,87,96,18,23,94,78,86,11,102,80|_G226152]
  083		 11793.0812034030		[14,26,33,30,16,53,79,92,41,105,72,64,81,56,73,74,8,76,83,35,93,88,28,115,99,42,106,69,6,24,100,110,122,55,51,98,90,48,71,91,37,97,47,109,67,62,118,31,112,126,103,17,45,21,46,19,1,40,38,116,70,111,0,60,108,127,104,44,15,61,27,114,2,107,82,77,20,32,36,22,43,39,121,12,66,95,54,9,13,5,101,50,59,119,52,57,129,49,7,125,113,120,58,124,65,84,89,29,117,34,3,25,128,75,10,4,123,63,68,85,87,96,18,102,86,11,80,94,78,23|_G226551]
  084		 11793.3616651963		[94,26,33,30,16,53,79,92,41,105,72,64,81,56,73,74,8,76,83,35,93,88,14,115,23,42,103,69,6,24,100,110,122,55,51,98,90,48,71,91,37,97,47,109,67,62,118,31,112,96,106,17,45,61,27,114,2,82,107,113,20,32,36,54,43,39,121,12,66,95,22,9,13,5,101,50,59,119,52,57,129,49,7,29,125,120,58,124,65,84,89,77,117,34,3,21,46,19,1,40,38,116,70,111,0,75,10,4,123,87,68,85,63,60,108,127,104,44,15,25,128,126,18,99,28,102,86,11,80,78|_G226950]
  085		 11793.5118858779		[115,26,33,30,16,53,79,92,41,105,72,64,81,56,73,74,8,76,83,35,93,88,28,14,99,42,106,69,6,24,100,110,122,55,51,71,90,48,98,91,37,97,47,109,67,62,118,31,112,126,103,17,45,61,27,114,2,107,82,77,20,32,36,22,43,39,121,12,66,95,9,13,5,101,50,54,59,119,52,57,129,49,7,125,29,120,58,124,65,84,89,113,117,34,3,21,46,19,1,40,38,116,70,111,0,60,108,127,104,15,44,25,128,75,10,4,123,63,68,85,87,96,18,23,94,78,86,11,102,80|_G227349]
  086		 11793.6000887146		[115,26,33,30,16,53,79,92,41,105,72,64,81,56,73,74,8,76,83,35,93,88,28,14,99,42,106,69,6,24,100,110,122,55,51,71,90,48,98,91,37,97,47,109,67,62,118,31,112,126,103,17,45,61,27,114,2,107,82,77,20,32,36,22,43,39,121,12,66,95,9,13,5,101,50,54,59,119,52,57,129,49,7,125,29,120,58,124,65,84,89,113,117,34,3,21,46,19,1,40,38,111,70,116,0,60,108,127,104,15,44,128,25,75,10,4,123,63,68,85,87,96,18,23,80,102,86,11,78,94|_G227748]
  087		 11794.3010272980		[23,26,33,30,16,53,79,92,41,105,72,64,81,56,73,74,8,76,83,35,93,88,28,14,99,42,106,69,6,24,100,110,122,55,51,71,90,48,98,91,37,97,47,109,67,62,118,31,112,126,103,17,45,61,27,114,2,107,82,77,20,32,36,22,43,39,121,12,66,95,9,13,5,101,50,54,59,119,52,57,129,49,7,125,29,120,58,124,65,84,89,113,117,34,3,21,46,19,1,40,38,111,70,116,0,60,108,127,104,15,44,25,128,75,10,4,123,63,68,85,87,96,18,115,94,78,86,11,80,102|_G228147]
  088		 11794.3636962065		[14,26,33,30,16,53,79,92,41,105,72,64,81,56,73,74,8,76,83,35,93,88,28,115,99,42,106,69,6,24,100,110,122,55,51,71,90,48,98,91,37,97,47,109,67,62,118,31,112,126,103,17,45,61,27,114,2,107,82,77,20,32,36,22,43,39,121,12,66,95,9,13,5,101,50,54,59,119,52,57,129,49,7,125,29,120,58,124,65,84,89,113,117,34,3,21,46,19,1,40,38,116,70,111,0,60,108,127,104,15,44,25,128,75,10,4,123,63,68,85,87,96,18,23,94,78,11,86,80,102|_G228546]
  089		 11794.3805079733		[14,26,33,30,16,53,79,92,41,105,72,64,81,56,73,74,8,76,83,35,93,88,28,115,99,42,106,69,6,24,100,110,122,55,51,71,90,48,98,91,37,97,47,109,67,62,118,31,112,126,103,17,45,61,27,114,2,107,82,77,20,32,36,22,43,39,121,12,66,95,9,13,5,101,50,54,59,119,52,57,129,49,7,125,29,120,58,124,65,84,89,113,117,34,3,21,46,19,1,40,38,116,70,111,0,60,108,127,104,15,44,25,128,75,10,4,123,63,68,85,87,96,18,23,94,78,86,11,80,102|_G228945]
  090		 11795.4677886157		[28,26,33,30,16,53,79,92,41,105,72,64,81,56,73,74,8,76,83,35,93,88,14,115,99,42,106,69,6,24,100,110,122,55,51,71,90,48,98,91,37,97,47,109,67,62,118,31,112,126,103,45,17,61,27,114,2,107,82,77,20,32,36,22,43,39,121,12,66,95,9,13,5,101,50,54,59,119,52,57,129,49,7,125,29,120,58,124,65,84,89,113,117,34,3,21,46,19,1,40,38,116,70,111,0,60,108,127,104,15,44,25,128,75,10,4,123,63,68,85,87,96,18,23,78,94,102,11,86,80|_G229344]
  091		 11795.8853829102		[115,26,33,30,16,53,79,92,41,105,72,64,81,56,73,74,8,76,83,35,93,88,28,14,99,42,106,69,6,24,100,110,122,55,51,71,90,48,98,91,37,97,47,109,67,62,112,31,118,18,103,17,45,61,27,114,2,107,82,77,20,32,36,22,43,39,121,12,66,95,9,13,5,101,50,54,59,119,52,57,129,49,7,125,29,120,58,124,65,84,89,113,117,34,3,21,46,19,1,40,38,116,70,111,0,60,108,127,104,15,44,25,128,75,10,4,123,63,68,85,87,96,126,23,94,78,86,11,80,102|_G229743]
  092		 11795.9417131828		[115,26,33,30,16,53,79,92,41,105,72,64,81,56,73,74,8,76,83,35,93,88,14,28,99,42,106,69,6,24,100,110,122,55,51,98,90,48,71,91,37,97,47,109,67,62,118,31,112,126,103,17,45,61,27,114,2,107,82,120,20,32,36,22,43,39,121,12,66,95,54,9,13,5,101,50,59,119,52,57,129,49,7,125,29,77,58,124,65,84,89,113,117,34,3,21,46,19,1,40,38,116,70,111,0,60,108,127,104,44,15,25,128,75,10,4,123,63,68,85,87,96,18,23,86,80,11,102,94,78|_G230142]
  093		 11796.1716930732		[28,26,33,30,16,53,79,92,41,105,72,64,81,56,73,74,8,76,83,35,93,88,14,115,99,42,106,69,6,24,100,110,122,55,51,71,90,48,98,91,37,97,47,109,67,62,118,31,112,126,103,45,17,61,27,114,2,107,82,77,20,32,36,22,43,39,121,12,66,95,9,13,5,101,50,54,59,119,52,57,129,49,7,125,29,120,58,124,65,84,89,113,117,34,3,21,46,19,1,40,116,38,70,111,0,60,108,127,104,15,44,25,128,75,10,4,123,63,68,85,87,96,18,23,78,94,102,11,86,80|_G230541]
  094		 11797.3225229062		[28,26,33,30,16,53,79,92,41,105,72,64,81,56,73,74,8,102,83,35,93,88,14,115,99,42,106,69,6,24,100,110,122,55,51,98,90,48,71,91,37,97,47,109,67,62,118,31,112,126,103,1,45,21,46,19,17,40,38,70,116,111,0,60,108,127,104,44,15,61,27,114,2,107,82,77,20,32,36,22,43,39,121,12,66,95,54,9,13,5,101,50,59,119,52,57,129,49,7,125,113,120,58,124,65,84,89,29,117,34,3,25,128,75,10,4,85,63,68,123,87,96,18,23,94,78,11,86,80,76|_G230940]
  095		 11797.4695297991		[28,26,33,30,16,53,79,92,41,105,72,64,81,56,73,74,8,76,83,35,93,88,14,115,23,42,103,69,6,24,100,110,122,55,51,98,90,48,71,91,37,97,47,109,67,62,118,31,112,96,106,45,17,61,27,114,2,82,107,113,20,46,36,54,43,39,121,95,66,12,22,9,13,5,101,50,59,119,52,57,129,49,7,125,29,120,58,124,65,84,89,77,117,34,3,21,32,19,1,40,38,116,70,111,0,75,10,4,123,68,87,85,63,60,108,127,104,44,15,25,128,126,18,99,94,102,86,11,80,78|_G231339]
  096		 11797.9261257461		[14,26,33,30,16,53,79,92,41,105,72,64,81,56,8,74,73,76,83,35,93,88,78,115,99,42,106,69,6,24,100,110,122,55,51,98,90,48,71,91,37,97,47,109,67,62,118,31,112,126,103,17,45,21,46,19,1,40,38,70,116,111,0,60,108,127,104,44,15,61,27,114,2,107,82,77,20,32,36,22,43,39,121,12,66,95,54,9,13,5,101,50,59,119,52,57,129,49,7,125,113,120,58,124,65,84,89,29,34,117,3,25,128,75,10,4,123,63,68,85,87,96,18,102,86,11,80,94,28,23|_G231738]
  097		 11799.4245322360		[94,26,33,30,16,53,79,92,41,105,72,64,81,56,73,74,8,76,83,35,93,88,14,115,99,42,106,69,6,112,100,110,122,55,51,98,90,48,71,91,37,97,47,109,67,62,118,31,24,126,103,17,45,21,46,19,1,40,38,116,70,111,0,60,108,127,104,44,15,61,27,114,2,107,82,77,20,32,36,39,43,22,121,12,66,95,54,9,13,5,101,50,59,119,52,57,129,49,7,125,29,120,58,124,65,84,89,113,117,34,3,25,128,75,10,4,123,63,68,85,87,96,18,23,28,80,86,11,102,78|_G232137]
  098		 11799.4423611168		[102,26,33,30,16,53,79,92,41,105,72,64,81,56,73,74,8,100,110,122,55,51,98,90,48,71,91,37,97,47,109,67,62,118,31,112,126,103,1,45,21,46,19,17,40,38,70,116,111,0,60,108,127,104,44,15,61,27,114,2,107,82,77,20,32,36,22,43,39,121,12,66,95,54,9,13,5,101,50,59,119,52,57,129,49,7,125,113,120,58,124,65,84,89,29,117,34,3,25,128,75,10,4,85,63,68,123,87,96,18,23,28,83,35,93,88,14,115,99,42,106,69,6,24,94,78,11,86,80,76|_G232536]
  099		 11800.0505634035		[78,26,33,30,16,53,79,92,41,105,72,64,81,56,73,74,8,76,83,35,93,88,14,115,99,42,106,69,6,24,100,110,122,55,51,71,90,48,98,91,37,97,47,109,67,62,118,31,112,126,103,45,17,61,27,114,2,107,82,77,20,32,36,22,43,39,121,12,66,95,9,13,5,101,50,54,59,119,52,57,129,49,7,125,29,120,58,124,65,84,89,113,117,34,3,21,46,19,1,40,38,116,70,111,0,60,108,127,104,15,44,25,128,75,10,4,123,63,68,85,87,96,18,23,28,94,86,11,102,80|_G232935]
  100		 11800.1230818821		[115,26,33,30,16,53,79,92,41,105,72,64,81,56,73,74,8,76,83,35,93,88,28,14,99,42,106,69,6,24,100,110,122,55,51,71,90,48,98,91,37,97,47,109,67,62,118,31,112,126,103,17,45,61,27,114,2,107,82,77,20,32,36,22,43,39,121,12,66,95,9,13,5,101,50,54,59,119,52,57,129,49,7,125,29,120,58,124,65,84,89,113,117,34,3,21,46,19,1,40,38,111,70,116,0,60,108,127,104,15,44,25,128,75,10,4,123,63,68,85,87,96,18,23,80,102,86,11,94,78|_G233334]
=================================================================================================================================================================== 
