=================================================================================================================================================================== 
                                                         Resultados Algoritmo Genético Caixeiro Viajante                                                           
=================================================================================================================================================================== 
                                                                            Parâmetros                                                                             
------------------------------------------------------------------------------------------------------------------------------------------------------------------- 
	Data =  28/05/2015 16:40:17 	Tempo de execução =  1.014s 	Tamanho da população =  5 	Número de gerações =  4

	Taxa de migração =  10.00% 		Limite de erro =  122200 			Limite do Torneio em Habitat =  1.00

=================================================================================================================================================================== 
                                                                            Soluções                                                                              
Posição  		Distância                                                              Trajeto                                                              
------------------------------------------------------------------------------------------------------------------------------------------------------------------- 
  001		 13868.2886957825		[32,92,43,36,19,45,20,17,70,0,108,44,60,128,123,25,96,69,106,126,62,67,88,28,23,26,99,1,103,33,30,14,94,37,3,53,40,4,27,114,124,84,89,58,113,125,107,120,82,29,7,38,15,127,104,10,75,61,116,111,2,49,129,16,18,115,86,105,41,57,71,119,48,59,13,66,9,12,95,46,54,121,21,101,5,52,50,39,22,117,79,78,91,72,11,51,73,98,56,81,100,122,110,55,74,80,102,76,93,118,83,31,112,109,24,42,97,35,47,87,85,6,34,77,65,63,68,64,8,90|_G24351]
  002		 14969.8322260940		[41,105,94,14,93,102,76,23,26,99,106,126,96,69,42,97,6,67,62,88,28,112,51,73,80,74,8,55,64,122,110,47,35,118,83,31,109,24,103,33,30,34,70,0,108,44,61,114,27,124,29,82,38,15,75,10,127,104,84,116,111,2,49,129,16,18,115,86,81,56,72,91,71,57,59,92,19,79,117,7,107,125,113,58,17,45,1,37,48,119,121,21,53,3,20,32,43,36,22,39,5,101,13,66,12,95,46,54,50,52,9,78,11,98,90,100,87,85,68,63,123,128,60,4,40,25,120,89,65,77|_G24750]
  003		 15256.4437162255		[96,25,123,87,24,97,109,42,26,99,23,28,88,62,47,35,112,76,102,55,81,122,8,86,73,80,94,37,72,91,71,52,54,50,121,46,19,117,17,7,32,92,21,22,43,20,45,107,58,120,113,125,79,49,129,111,104,114,27,124,84,65,77,29,70,0,38,15,127,4,10,44,108,106,126,128,60,116,61,40,16,53,14,93,31,103,33,30,115,18,34,36,39,12,101,13,66,9,95,5,78,11,74,51,56,64,98,41,59,57,105,119,3,2,89,75,68,6,67,118,110,100,83,1,48,90,82,69,63,85|_G25149]
  004		 17189.8636302705		[23,26,99,42,109,88,28,11,72,91,71,52,90,119,48,74,55,81,102,76,112,69,108,44,4,127,10,89,111,104,40,61,114,70,34,33,30,115,18,16,126,128,60,116,2,77,65,84,27,124,29,36,95,9,5,22,92,21,20,117,17,58,43,32,7,38,0,15,75,68,67,25,96,123,87,24,97,118,110,73,100,83,51,56,64,98,80,94,78,3,19,45,107,82,46,54,50,59,41,57,1,105,53,49,129,79,120,113,125,121,66,13,101,12,39,14,93,47,62,106,6,63,85,103,31,86,37,8,122,35|_G25548]
  005		 18499.6693089605		[37,53,40,117,22,66,13,59,48,3,19,82,38,108,15,127,10,123,128,60,44,111,129,16,106,69,96,126,62,47,86,115,18,109,118,122,81,100,76,102,93,14,94,105,92,32,43,107,125,113,120,79,49,20,45,39,78,98,51,73,110,8,83,112,88,28,23,11,56,64,71,119,36,95,46,50,34,30,33,103,6,67,99,26,1,52,54,9,12,121,5,101,21,2,116,61,75,25,87,85,0,70,17,41,57,74,55,80,91,90,35,97,31,72,42,24,104,58,89,84,124,114,27,4,63,68,7,29,77,65,_G25949]
=================================================================================================================================================================== 
