=================================================================================================================================================================== 
                                                         Resultados Algoritmo Genético Caixeiro Viajante                                                           
=================================================================================================================================================================== 
                                                                            Parâmetros                                                                             
------------------------------------------------------------------------------------------------------------------------------------------------------------------- 
	Data =  28/05/2015 16:41:15 	Tempo de execução =  1.872s 	Tamanho da população =  4 	Número de gerações =  20

	Taxa de migração =  10.00% 		Limite de erro =  122200 			Limite do Torneio em Habitat =  1.00

=================================================================================================================================================================== 
                                                                            Soluções                                                                              
Posição  		Distância                                                              Trajeto                                                              
------------------------------------------------------------------------------------------------------------------------------------------------------------------- 
  001		 7737.0186381874		[43,41,59,50,119,52,48,57,71,91,37,105,3,19,92,21,22,46,39,36,20,32,121,54,13,9,95,66,12,101,5,90,98,72,74,73,51,8,56,55,64,102,76,93,88,28,14,115,23,78,94,86,11,80,81,100,122,110,118,35,83,31,112,24,47,97,109,67,62,69,6,96,25,123,63,68,87,85,60,128,108,75,10,4,44,61,104,111,116,2,113,107,7,17,45,79,117,34,53,1,49,129,38,70,40,0,15,127,27,114,82,89,124,84,65,77,120,125,29,58,26,18,99,30,33,16,42,103,106,126|_G102102]
  002		 7760.7101896462		[16,33,30,99,26,18,23,115,14,28,88,76,102,64,56,8,51,73,74,98,72,55,81,100,122,110,118,35,83,31,112,24,47,97,109,67,62,69,6,96,25,123,63,68,87,85,60,128,108,75,10,4,44,61,104,111,116,2,113,107,7,17,45,79,117,34,53,1,49,129,38,70,40,0,15,127,27,114,82,89,124,84,65,77,120,125,29,58,19,3,43,41,59,50,119,52,48,57,71,91,37,105,92,21,22,39,46,36,20,32,121,54,13,9,95,66,12,101,5,90,80,11,86,94,78,93,42,103,106,126,_G102503]
  003		 7897.6608567478		[74,73,51,8,56,55,64,102,76,88,28,14,115,23,78,94,86,11,80,37,105,91,71,57,48,52,119,50,59,41,43,92,21,22,46,39,36,20,32,121,54,13,9,95,66,12,101,5,90,98,72,81,100,122,110,118,35,83,31,112,24,47,97,109,67,62,69,6,96,25,123,63,68,87,85,60,128,108,75,10,4,44,61,104,111,116,2,113,107,7,17,45,79,117,34,53,1,49,129,38,70,40,0,15,127,27,114,82,89,124,84,65,77,120,125,29,58,19,3,26,18,99,30,33,16,42,103,106,126,93,_G102905]
  004		 7907.7776518655		[83,35,31,112,118,93,109,97,67,62,69,6,96,25,123,63,68,87,85,60,128,108,75,10,4,44,61,104,111,116,2,113,107,7,17,45,79,117,34,53,1,49,129,38,70,40,0,15,127,27,114,82,89,124,84,65,77,120,125,29,58,19,3,43,41,59,50,119,52,48,57,71,91,37,105,92,21,22,46,39,36,20,32,121,54,13,9,95,66,12,101,5,90,80,11,86,94,78,23,115,14,28,88,18,26,99,30,33,16,42,103,106,126,47,24,76,102,64,56,8,51,73,74,98,72,55,81,100,122,110,_G103307]
=================================================================================================================================================================== 
