=================================================================================================================================================================== 
                                                         Resultados Algoritmo Genético Caixeiro Viajante                                                           
=================================================================================================================================================================== 
                                                                            Parâmetros                                                                             
------------------------------------------------------------------------------------------------------------------------------------------------------------------- 
	Data =  28/05/2015 16:39:23 	Tempo de execução =  37.830s 	Tamanho da população =  100 	Número de gerações =  4

	Taxa de migração =  10.00% 		Limite de erro =  122200 			Limite do Torneio em Habitat =  1.00

=================================================================================================================================================================== 
                                                                            Soluções                                                                              
Posição  		Distância                                                              Trajeto                                                              
------------------------------------------------------------------------------------------------------------------------------------------------------------------- 
  001		 9196.8426912692		[103,106,126,33,26,30,16,99,18,14,23,37,78,115,94,28,93,88,109,42,67,62,47,24,112,31,35,83,97,118,122,110,100,81,56,51,8,74,73,72,98,91,105,11,86,80,64,55,102,76,57,119,43,21,39,22,95,66,12,13,121,54,59,41,50,52,48,71,90,5,101,3,34,117,19,79,45,92,36,46,32,7,17,113,82,29,120,65,84,124,77,89,58,2,125,107,20,9,1,53,49,129,70,38,40,127,104,116,111,114,27,61,15,75,108,60,123,128,25,96,69,6,87,63,68,85,4,10,44,0|_G1147260]
  002		 9672.4689828363		[47,24,67,109,97,62,69,126,25,6,96,106,42,103,33,16,30,26,99,18,23,115,94,14,88,93,76,80,102,11,28,78,91,72,73,98,51,8,56,55,64,74,86,81,100,110,122,83,31,35,118,112,87,68,63,85,123,128,10,4,75,60,108,70,49,129,40,127,15,44,0,38,111,104,61,114,27,124,89,84,65,77,120,7,17,45,32,92,46,36,21,39,121,54,50,41,43,119,48,57,52,105,37,34,19,3,1,117,53,79,107,125,20,22,95,66,9,13,12,101,5,90,71,59,113,2,82,29,58,116|_G1147659]
  003		 9787.9870267425		[96,69,6,25,63,68,87,85,128,123,108,4,44,75,60,10,15,104,111,116,82,107,7,113,125,29,84,65,124,89,58,120,77,20,17,79,3,19,45,117,1,129,38,40,127,61,114,27,70,49,2,0,16,30,33,26,42,106,99,23,115,11,80,76,28,94,14,18,88,109,97,31,112,35,118,83,93,86,78,37,91,71,90,50,59,119,52,48,72,73,74,51,8,56,55,81,110,122,100,102,98,64,105,57,41,43,54,46,36,21,39,32,121,22,13,9,66,95,12,101,5,34,53,92,103,126,62,67,47,24|_G1148058]
  004		 9883.6798641144		[31,112,35,83,118,93,18,103,126,96,69,62,47,24,109,88,28,115,94,78,23,99,30,16,33,26,14,42,106,25,6,87,63,68,85,128,123,60,108,75,10,4,44,15,127,61,27,114,111,104,116,70,40,38,53,34,3,92,46,22,20,7,113,82,29,120,77,58,124,89,84,65,129,49,1,45,19,117,17,107,125,2,32,21,36,121,66,95,12,13,9,39,59,48,119,57,105,41,50,43,54,5,101,71,52,37,11,86,80,76,102,51,8,55,56,81,100,122,110,64,73,72,98,74,91,90,97,67,0,79|_G1148457]
  005		 10152.9705135588		[58,29,82,2,125,7,32,21,39,22,66,12,95,9,46,36,92,20,107,17,113,45,117,79,19,34,3,52,119,59,50,41,57,71,48,37,80,102,76,118,31,35,83,112,97,67,47,62,69,42,103,106,33,16,99,18,26,30,53,78,28,94,115,23,14,126,128,25,96,6,87,85,68,63,123,60,108,75,10,4,44,15,114,27,61,127,104,0,70,49,129,38,40,116,120,77,89,124,84,65,121,13,54,91,98,73,74,72,11,86,64,51,56,8,55,81,100,122,110,93,88,109,24,1,111,43,5,101,90,105|_G1148856]
  006		 10224.6930594021		[120,77,124,89,84,65,58,113,107,7,17,2,116,111,127,104,61,15,44,75,108,60,128,123,68,63,85,87,25,47,24,109,93,88,97,67,42,103,106,62,69,96,6,118,76,35,83,31,112,14,94,28,115,78,99,23,18,26,16,33,126,30,53,79,117,1,82,29,114,27,4,10,0,129,38,70,40,49,45,19,34,41,43,36,32,92,3,21,39,46,22,95,66,13,12,20,50,54,121,9,101,5,90,57,48,52,59,105,119,71,91,98,73,74,72,86,102,80,11,55,64,8,56,81,51,37,100,122,110,125|_G1149255]
  007		 10331.4920613749		[28,14,23,115,78,37,91,73,64,8,56,55,122,100,80,86,11,94,99,18,30,33,26,106,109,97,67,62,6,69,96,25,87,85,68,63,123,128,108,60,15,44,75,4,10,49,1,117,53,19,46,22,95,66,12,9,13,121,54,59,50,41,119,52,48,57,90,71,98,74,51,72,102,76,93,88,83,31,35,112,118,24,47,103,42,126,16,0,127,61,104,114,111,116,38,70,40,82,113,29,58,124,84,89,65,27,32,21,36,39,3,92,43,105,79,34,45,20,7,107,17,2,129,125,77,120,5,101,81,110|_G1149654]
  008		 10334.0106139014		[65,84,89,124,77,113,29,58,120,125,82,107,92,43,41,3,19,46,21,36,39,22,121,13,12,66,95,101,5,9,119,90,71,57,48,52,50,54,59,20,32,17,7,2,116,111,127,61,44,4,10,108,128,123,60,15,75,63,68,85,87,96,69,25,6,106,103,18,26,14,23,93,94,28,80,102,76,35,83,97,109,67,62,24,33,126,0,40,38,129,104,114,27,70,49,1,117,79,45,53,34,16,30,86,64,55,56,8,51,73,74,72,91,105,37,78,115,99,88,42,47,31,112,118,110,122,100,81,11,98|_G1150053]
  009		 10363.5622252050		[103,106,126,42,33,16,30,14,18,28,23,115,94,80,11,37,78,91,71,48,119,59,41,43,39,92,36,21,32,20,125,17,107,2,113,116,38,70,40,0,127,104,61,111,114,27,82,29,58,120,7,19,117,45,1,79,3,53,34,49,26,88,67,62,69,6,47,24,109,97,93,112,31,35,83,118,76,99,129,44,10,75,108,60,123,25,68,63,87,85,96,128,15,4,89,124,65,84,77,12,66,95,13,9,22,121,54,46,52,57,105,90,50,5,101,74,51,56,73,72,98,86,102,64,81,8,55,100,122,110|_G1150452]
  010		 10371.8965685218		[28,23,115,78,37,86,80,102,94,11,64,8,56,55,81,100,122,51,74,73,98,72,16,30,1,129,40,38,0,70,104,4,10,44,15,111,116,2,7,113,107,125,29,82,120,58,89,124,84,65,77,22,46,21,36,39,121,54,59,43,41,50,48,57,52,71,90,119,91,99,26,18,14,93,109,97,24,31,112,35,118,83,47,67,62,6,25,96,69,106,103,42,126,33,53,34,19,117,3,92,20,17,79,32,45,49,114,27,61,127,75,60,128,123,68,63,87,85,108,13,9,95,66,12,101,5,105,76,88,110|_G1150851]
  011		 10494.6142220526		[22,21,36,46,39,41,59,54,50,52,57,48,119,43,121,9,13,66,12,95,32,92,1,34,53,16,30,18,26,14,88,28,94,102,80,86,37,105,71,90,91,74,73,98,72,51,56,55,8,64,76,93,35,83,31,24,112,118,97,109,62,47,67,42,103,106,69,96,25,6,126,128,60,68,63,85,87,4,10,75,108,44,15,127,104,61,111,114,27,116,38,70,129,40,45,79,117,19,17,107,113,7,2,125,120,82,29,58,89,124,84,65,77,0,33,99,115,23,78,3,20,49,123,100,81,122,110,11,5,101|_G1151250]
  012		 10858.9336651406		[45,117,34,53,16,33,126,42,103,14,88,109,97,67,62,69,96,128,75,108,60,10,44,0,111,104,61,114,27,127,40,38,70,129,7,107,17,19,79,1,18,30,28,26,78,37,11,91,71,57,94,115,23,80,93,112,31,35,83,118,24,47,6,106,99,76,102,86,64,8,55,81,122,100,110,56,74,51,73,98,72,52,90,105,48,119,41,43,39,46,92,36,21,32,20,125,58,124,65,84,77,120,113,2,116,82,29,89,49,22,121,54,59,50,95,12,66,13,9,101,5,3,4,15,123,25,87,68,63,85|_G1151649]
  013		 10965.5335050124		[28,30,18,126,62,67,97,109,83,76,80,11,86,23,26,14,88,112,118,35,31,47,93,94,72,51,91,73,64,55,56,8,102,78,37,105,52,50,54,59,121,22,46,39,36,21,32,20,17,7,107,2,116,40,70,49,125,45,79,92,43,41,3,34,53,19,117,1,129,38,104,111,127,61,44,4,108,60,75,10,15,124,84,89,58,29,82,120,77,113,114,27,65,12,66,95,13,9,5,101,115,99,33,16,0,128,123,68,63,85,87,106,42,69,96,25,6,24,103,57,48,119,71,90,98,74,81,100,122,110|_G1152048]
  014		 11195.0354846937		[48,57,91,72,73,74,51,8,56,81,102,76,93,88,14,23,18,16,99,26,42,128,60,75,108,10,4,44,0,40,38,129,1,117,79,17,45,19,3,34,53,107,125,20,32,36,46,39,21,22,95,9,13,66,43,41,119,52,50,54,121,59,92,49,29,82,7,120,77,89,124,84,65,113,2,116,70,104,111,127,15,126,69,25,6,106,103,33,30,115,94,78,37,80,86,64,55,11,28,118,112,31,83,35,24,109,97,67,62,47,123,63,68,85,87,96,61,27,114,105,98,71,90,5,101,12,58,100,122,110|_G1152447]
  015		 11361.0981903403		[101,5,54,21,46,39,36,92,41,50,52,119,48,57,105,71,90,74,73,51,8,64,55,72,91,11,28,115,88,109,24,97,67,62,69,96,6,87,63,68,85,25,123,128,106,126,33,30,26,42,18,23,99,16,103,14,94,80,93,76,102,86,37,78,112,31,83,118,110,122,100,35,47,0,104,82,107,125,7,32,120,77,89,124,84,65,113,2,17,20,22,95,66,9,13,121,43,59,19,3,49,79,45,117,1,129,38,111,15,40,70,127,116,61,27,114,29,58,12,34,53,44,75,108,60,10,4,98,56,81|_G1152846]
  016		 11373.0364881734		[21,36,46,39,22,121,13,9,95,12,20,32,17,7,107,2,116,104,111,4,44,15,0,127,61,114,29,82,58,113,45,92,43,3,53,1,129,117,19,34,49,125,124,84,89,70,40,126,96,69,62,67,97,109,93,112,24,47,31,28,23,86,11,72,105,41,52,119,48,57,71,37,78,99,18,26,33,16,115,14,88,103,30,42,106,6,87,68,63,85,25,128,123,108,60,75,10,38,79,66,5,101,59,50,54,90,98,74,51,73,64,55,81,8,56,102,118,122,110,100,83,35,76,80,91,94,120,77,65,27|_G1153245]
  017		 11382.2180539800		[36,20,7,2,17,79,117,1,53,23,115,94,28,14,26,99,16,78,11,76,118,83,35,31,112,24,47,97,93,88,18,30,33,126,96,128,63,68,85,25,6,69,62,67,42,109,106,87,0,40,127,111,114,27,61,104,116,129,49,70,15,4,10,75,44,60,108,123,103,38,19,45,46,13,9,66,22,95,39,92,43,21,32,107,58,65,124,77,89,84,125,29,82,113,120,121,54,59,48,52,119,41,50,57,37,91,105,71,90,98,72,73,74,51,8,56,81,122,110,100,55,64,86,3,12,101,5,34,80,102|_G1153644]
  018		 11514.7109178047		[50,52,119,48,57,105,34,19,79,117,1,129,3,45,92,39,21,36,46,43,59,54,121,22,95,13,9,12,20,107,17,7,113,32,66,120,77,125,29,82,116,104,61,15,40,70,38,0,10,108,60,63,68,85,87,123,96,69,6,25,128,106,42,26,18,30,33,88,67,97,24,112,35,83,31,62,109,93,23,94,14,28,103,126,99,47,118,102,76,80,86,91,37,11,78,16,115,49,111,127,44,75,4,65,84,124,89,58,2,27,114,101,41,53,90,71,98,72,74,51,73,64,55,56,8,81,100,110,122,5|_G1154043]
  019		 11558.7356616246		[6,25,96,69,62,67,97,31,118,83,35,24,47,106,103,26,33,99,115,78,94,28,18,30,16,1,34,19,17,113,2,7,125,29,82,120,77,58,124,84,89,65,27,114,104,70,129,49,40,0,79,45,38,61,111,116,107,22,95,12,66,13,9,121,39,21,36,32,3,92,20,41,50,57,48,71,37,11,64,55,81,56,51,8,72,74,73,91,98,86,88,93,76,102,14,23,80,112,109,126,42,117,52,59,54,119,105,43,46,5,101,90,53,127,44,15,75,108,60,128,123,63,68,87,85,10,4,122,110,100|_G1154442]
  020		 11645.4167453988		[112,31,35,83,118,97,109,93,88,23,14,115,26,99,30,33,16,42,106,123,128,60,108,75,44,15,4,114,27,61,111,104,127,38,70,49,1,117,19,34,53,105,91,98,56,102,55,64,8,51,74,73,80,11,86,78,18,94,37,57,119,50,54,121,39,46,41,59,48,52,71,90,13,12,22,21,32,17,7,107,2,29,82,89,124,65,84,120,58,125,113,116,77,95,66,9,101,5,76,28,72,81,100,122,62,67,47,24,110,43,92,36,20,45,79,3,129,40,0,103,126,69,6,96,87,68,63,85,25,10|_G1154841]
  021		 11678.8244713949		[93,88,109,24,47,62,69,96,6,25,87,63,85,68,106,126,16,30,78,18,14,83,35,112,118,31,97,26,33,99,115,94,23,80,11,28,76,102,55,64,81,56,72,98,91,86,37,57,105,52,48,119,50,121,21,36,22,92,46,9,95,66,32,7,107,17,2,113,82,29,89,124,65,84,27,114,61,104,111,116,127,15,44,108,75,10,4,60,128,123,42,67,122,100,110,73,74,51,8,71,90,59,3,45,125,120,58,77,19,117,34,79,49,1,53,43,54,5,13,12,39,41,70,38,0,129,40,103,20,101|_G1155240]
  022		 11858.3623947919		[81,8,55,64,56,51,74,73,72,52,37,78,86,115,23,94,11,102,80,93,14,42,103,33,126,69,67,62,106,30,28,88,26,53,34,19,3,41,46,22,39,92,43,59,105,48,119,57,91,98,71,90,5,101,9,13,95,66,12,121,54,50,21,36,32,20,17,107,45,117,1,49,70,0,44,4,15,127,114,61,104,116,111,40,75,10,128,108,60,25,96,87,68,63,99,16,18,109,97,83,35,31,112,118,76,100,122,85,123,38,129,79,120,125,7,113,2,89,84,77,29,82,27,124,65,58,6,47,24,110|_G1155639]
  023		 11866.1900508329		[76,102,86,37,11,78,99,26,18,30,28,97,67,62,69,96,126,42,106,6,25,128,60,108,75,10,44,15,4,104,127,114,2,82,29,125,116,111,61,79,19,45,117,34,41,59,119,48,3,53,16,33,23,14,115,94,80,88,93,112,35,83,118,31,24,47,87,85,68,63,103,109,123,129,70,40,38,107,7,20,21,39,46,92,43,121,95,66,22,36,120,77,113,0,54,50,52,90,71,57,91,105,98,74,73,51,55,56,8,64,72,81,100,122,110,1,49,89,65,27,124,84,58,17,32,12,13,9,101,5|_G1156038]
  024		 11943.5479342259		[97,67,47,109,93,88,23,94,28,18,106,103,6,96,63,87,85,108,75,15,44,4,10,60,128,123,25,69,62,14,76,102,55,64,8,81,110,122,100,83,31,24,35,112,115,78,30,53,79,2,82,29,113,17,7,107,125,120,58,89,84,124,65,77,66,12,13,5,101,9,121,21,32,36,43,41,34,49,70,38,104,111,127,0,61,27,114,116,129,40,126,26,117,1,16,99,33,42,11,80,72,91,57,119,48,52,105,37,86,73,74,98,56,118,51,90,71,59,50,54,95,22,92,39,20,45,19,3,46,68|_G1156437]
  025		 11963.2145894856		[21,32,20,36,66,12,9,95,13,43,121,54,59,50,41,52,48,119,57,71,37,78,99,115,94,86,11,23,28,30,33,16,105,91,51,8,56,81,55,74,98,90,72,100,122,110,102,118,83,35,76,80,64,73,26,42,62,67,97,47,31,93,24,6,69,96,53,34,19,117,79,3,92,39,46,22,7,107,2,125,116,104,111,127,40,70,49,44,108,60,75,10,4,15,61,29,82,17,113,58,77,120,124,84,89,65,27,38,0,45,1,129,18,109,106,126,103,88,14,112,123,25,87,85,68,63,128,114,5,101|_G1156836]
  026		 11964.8343180881		[23,80,102,76,86,78,115,30,37,91,73,72,64,55,56,81,8,51,11,28,42,26,18,99,94,14,93,112,97,67,24,35,109,62,96,123,128,108,4,60,10,75,44,15,127,61,104,116,2,58,89,124,65,84,27,114,29,82,125,107,79,49,45,19,20,7,113,17,32,95,22,21,36,39,121,13,54,41,119,57,48,105,52,50,46,34,92,3,117,1,129,111,38,40,70,0,53,106,103,69,6,87,68,63,85,126,88,31,47,118,83,110,122,100,71,98,74,90,101,9,66,12,120,77,43,59,5,16,33,25|_G1157235]
  027		 11979.8711253266		[114,27,61,104,129,1,49,117,45,17,7,113,19,34,105,91,98,51,55,64,56,8,81,100,122,83,35,31,112,118,76,88,93,109,24,47,97,42,106,33,16,26,30,94,23,53,79,92,46,22,39,32,21,13,12,66,95,9,101,121,36,20,107,2,82,29,58,124,65,84,89,120,125,77,54,50,59,5,90,71,57,119,48,41,43,37,86,102,80,11,28,99,115,14,103,69,62,67,96,25,128,108,60,75,123,4,10,15,127,44,70,0,18,78,3,52,72,110,73,74,126,38,40,111,116,63,68,87,85,6|_G1157634]
  028		 12001.7275264097		[18,106,42,88,109,97,31,35,112,118,83,93,14,99,23,94,86,64,56,8,55,80,98,90,71,48,52,57,119,59,50,41,105,37,78,91,11,115,28,76,24,47,25,6,69,96,62,67,103,126,33,16,30,26,34,1,129,40,127,104,114,27,116,70,49,125,113,7,107,58,124,89,65,77,32,39,21,36,121,22,46,54,43,92,19,45,117,3,53,111,38,44,4,10,60,75,15,61,2,17,20,79,66,95,12,13,9,101,5,29,82,120,0,108,123,128,63,87,68,85,102,81,110,122,100,51,74,73,72,84|_G1158033]
  029		 12114.2030811883		[75,108,60,10,4,15,104,111,82,29,89,84,124,120,77,58,113,17,45,70,38,40,127,44,61,114,116,129,1,34,19,117,7,107,125,2,49,20,21,46,39,22,121,54,59,50,52,101,5,66,36,90,98,72,74,51,8,56,81,55,102,94,115,99,23,86,11,76,80,78,16,33,126,96,69,6,106,30,18,37,57,119,48,71,105,91,43,41,92,32,3,53,79,13,95,12,9,65,27,0,128,63,87,103,42,88,28,14,26,109,67,62,24,31,112,97,47,93,35,83,122,110,118,100,64,73,25,123,68,85|_G1158432]
  030		 12161.2244329963		[63,68,87,10,44,15,61,27,114,104,2,116,111,127,40,38,129,1,49,70,45,19,3,41,119,48,52,50,54,121,22,46,39,32,7,17,113,58,124,84,89,82,29,125,120,79,117,34,53,30,33,26,99,16,18,109,62,67,47,97,88,93,14,23,80,91,72,98,74,73,64,55,51,81,8,56,102,11,86,37,105,21,36,92,43,59,57,90,71,5,66,12,13,9,77,65,107,20,101,95,78,24,31,112,118,76,28,94,115,42,106,69,25,6,128,60,123,108,75,4,103,96,85,126,0,100,122,110,83,35|_G1158831]
  031		 12188.4809757046		[18,26,99,94,11,80,115,23,88,93,76,118,83,112,97,24,67,109,62,47,31,35,14,28,78,102,86,64,55,51,81,56,8,73,72,71,90,91,37,105,48,52,50,36,21,39,46,20,7,2,116,114,29,82,113,17,19,117,1,129,40,127,4,60,128,123,63,85,87,68,96,69,6,126,42,30,34,92,32,58,120,125,107,45,79,53,3,22,95,66,12,121,9,54,59,5,111,38,0,104,61,27,124,89,84,77,65,13,43,41,119,57,74,16,33,106,103,25,108,10,75,44,15,70,49,101,98,100,122,110|_G1159230]
  032		 12207.1184322838		[10,4,44,15,75,108,128,123,63,68,85,87,25,96,69,6,62,67,97,109,88,93,94,86,80,11,51,72,37,78,115,102,76,83,31,35,112,118,110,81,74,98,71,90,57,48,52,119,54,13,9,12,66,95,121,50,59,41,36,21,39,3,99,16,42,28,18,30,103,126,0,60,127,61,104,114,82,116,111,38,70,40,49,1,117,53,19,46,22,20,77,120,107,7,17,2,129,34,79,92,43,105,5,91,55,56,8,64,73,122,100,24,47,26,14,23,33,106,45,125,32,58,29,113,124,84,65,89,27,101,_G1159631]
  033		 12235.0124320771		[85,68,63,87,6,96,62,67,24,112,31,35,83,47,103,109,18,14,99,23,37,78,115,94,28,93,88,42,69,25,123,60,108,4,10,75,15,61,114,27,104,116,111,127,40,38,70,49,129,53,33,26,30,16,19,117,34,1,106,126,128,0,82,113,29,89,84,58,2,17,7,45,79,92,39,41,9,121,54,21,43,59,36,20,125,107,22,95,66,12,13,101,5,50,52,48,71,90,119,3,46,32,65,124,77,44,105,91,11,76,102,55,64,86,80,51,8,74,98,72,73,81,56,100,110,122,118,97,57,120,_G1160033]
  034		 12241.7475474445		[7,107,125,113,2,29,120,84,89,124,77,58,116,70,40,111,104,61,15,44,10,4,75,108,60,68,63,87,85,25,96,69,126,16,26,42,103,106,30,33,53,34,79,117,1,129,17,49,45,32,21,36,46,54,59,43,41,52,105,57,119,50,121,13,9,95,66,22,12,39,92,3,19,48,90,73,74,51,8,55,64,86,37,23,99,78,115,94,28,18,24,109,88,112,83,31,47,35,76,102,11,80,14,91,72,56,81,122,110,71,98,5,101,82,38,0,127,114,27,65,123,128,67,62,97,93,118,100,6,20|_G1160433]
  035		 12277.2685316537		[76,102,80,86,23,94,14,26,42,103,96,62,106,33,99,1,129,49,19,45,34,16,18,30,115,78,37,74,51,8,73,98,71,91,105,57,48,52,119,41,92,3,117,79,107,7,113,17,32,2,58,89,124,65,84,29,82,125,38,111,116,104,61,0,40,70,15,4,75,108,60,10,44,127,53,120,77,12,39,46,21,36,22,121,54,50,95,66,13,9,101,5,90,59,43,11,93,112,83,24,47,118,100,110,122,55,56,81,64,72,88,28,97,67,69,6,87,68,63,85,126,25,128,109,35,31,123,114,27,20|_G1160832]
  036		 12337.5288678679		[89,58,29,107,125,79,117,1,129,17,20,92,39,54,95,12,22,43,59,119,41,52,50,121,21,36,32,7,113,82,2,104,111,116,38,40,0,15,44,10,4,75,108,127,70,45,19,3,34,53,30,106,62,67,24,96,69,126,25,6,87,63,68,85,123,128,60,61,27,114,124,65,84,77,46,9,13,120,66,101,48,105,37,94,115,28,88,112,31,35,97,47,42,103,18,109,93,83,23,99,14,80,76,102,11,64,51,8,55,74,91,72,57,71,90,98,73,78,86,16,26,33,49,5,56,81,100,122,110,118|_G1161231]
  037		 12376.9356182567		[85,68,63,123,60,108,10,75,44,4,126,16,99,33,42,106,67,31,83,35,118,109,93,76,23,115,30,18,103,62,69,47,24,112,88,26,14,80,11,86,37,3,34,45,92,22,95,12,13,9,39,21,36,46,43,52,119,41,50,121,32,7,125,107,17,20,2,120,84,65,29,124,82,116,104,61,111,127,38,70,79,117,49,1,0,40,114,89,58,113,27,15,129,19,53,59,54,66,101,5,90,48,57,71,98,72,73,51,74,56,8,64,55,81,100,110,122,102,28,94,78,105,91,96,25,6,87,128,97,77|_G1161630]
  038		 12391.5660012649		[98,74,51,55,56,81,8,64,73,72,11,86,102,28,14,99,26,18,94,78,115,80,88,23,33,53,3,79,2,116,113,17,20,7,125,107,29,114,27,104,61,15,44,75,108,60,10,4,127,40,70,129,92,21,36,46,54,41,39,43,32,12,66,101,121,13,9,19,49,1,117,34,16,42,106,103,96,87,68,63,85,6,69,25,97,24,67,31,76,47,62,109,35,93,112,83,118,110,122,100,57,119,52,48,105,91,37,30,123,128,126,50,59,5,90,71,95,22,58,77,89,124,65,84,82,38,0,111,45,120|_G1162029]
  039		 12437.9377081630		[78,99,23,88,97,67,31,35,83,112,109,18,26,16,33,0,75,108,60,10,44,129,38,40,70,49,125,32,92,3,52,37,80,102,86,74,72,56,81,8,64,73,98,51,76,118,100,122,110,93,11,94,14,30,53,79,117,106,103,42,62,69,96,6,87,85,63,68,123,127,104,61,15,4,111,113,120,77,107,7,2,116,17,1,82,29,114,27,84,65,124,89,58,45,19,34,41,43,36,20,21,39,46,22,95,66,13,12,50,54,121,9,101,5,90,91,71,48,57,119,115,28,24,47,25,128,105,59,55,126,_G1162430]
  040		 12454.2012572152		[75,10,4,15,40,127,44,108,60,123,87,63,25,96,128,126,33,53,34,1,0,38,70,49,79,19,117,7,20,92,39,41,43,119,105,48,71,91,80,51,74,73,98,72,94,115,23,99,18,14,26,30,106,42,109,31,112,24,62,67,88,16,78,11,76,28,37,86,64,57,52,50,121,54,59,46,66,9,13,12,95,22,36,21,107,82,111,104,116,114,27,61,129,2,17,125,32,29,58,120,124,84,65,89,77,113,45,3,101,5,90,102,55,81,56,100,122,110,118,93,97,6,69,103,47,68,85,35,83,8|_G1162830]
  041		 12544.6005525202		[94,28,93,23,26,33,30,16,18,109,67,62,24,47,97,88,42,115,14,106,96,126,0,127,27,15,38,111,104,114,116,2,70,49,1,45,20,17,7,32,36,39,95,101,13,121,54,50,119,52,48,59,57,37,86,11,80,76,112,118,31,35,83,102,55,81,8,51,90,71,91,105,3,19,92,46,21,66,9,12,77,120,29,125,79,117,53,41,43,22,107,82,61,40,4,60,75,10,44,129,103,68,63,85,87,123,25,69,6,128,108,84,65,89,124,58,113,5,98,72,74,73,56,64,78,99,34,100,122,110|_G1163229]
  042		 12582.7588541749		[42,26,30,115,99,37,14,28,76,80,86,11,78,23,94,73,74,81,55,8,56,100,110,122,118,97,112,102,93,35,24,6,96,69,128,108,60,10,4,15,44,75,63,85,87,0,70,40,116,113,7,29,82,2,125,107,19,79,21,95,66,12,22,45,17,117,121,59,52,71,57,119,105,43,50,41,46,20,39,32,13,5,101,9,92,3,34,53,103,18,106,88,109,31,83,64,51,98,72,91,90,54,48,36,1,129,49,38,127,61,111,27,89,124,84,58,77,120,65,114,104,126,25,62,67,47,123,68,33,16|_G1163628]
  043		 12725.4431605734		[28,94,115,76,80,102,55,56,81,110,122,100,64,8,51,72,73,91,37,78,86,105,71,48,57,50,41,52,92,39,21,36,22,46,20,95,66,12,13,9,101,121,54,119,43,34,45,107,125,79,49,70,1,117,3,99,23,16,53,19,7,32,17,2,82,111,127,61,114,104,116,40,129,29,58,89,65,84,27,44,4,10,75,15,60,108,128,126,33,106,14,26,109,97,93,83,35,31,112,118,47,42,88,30,18,103,25,6,96,69,67,62,24,123,68,63,87,0,38,120,124,77,113,59,5,90,98,74,11,85|_G1164027]
  044		 12754.9913030043		[81,56,51,55,98,73,74,91,71,48,57,50,54,59,46,21,39,41,92,32,36,43,119,90,5,101,9,121,95,17,107,113,120,125,82,29,77,2,7,58,89,124,65,84,45,34,1,38,40,129,116,114,27,61,127,104,111,15,44,75,108,123,63,68,60,128,126,25,69,96,6,62,47,67,97,112,118,76,93,14,26,18,42,103,106,30,16,53,79,117,70,49,20,3,19,12,66,13,22,37,86,88,23,99,115,78,80,102,8,64,100,11,72,105,94,28,109,110,122,83,35,31,24,33,0,87,85,4,10,52,_G1164428]
  045		 12775.0136539603		[46,22,79,17,117,19,92,3,34,53,45,107,49,111,104,116,127,15,10,75,108,123,128,96,126,62,69,47,35,83,93,18,103,24,109,67,42,33,30,115,94,78,99,16,23,26,0,44,4,82,113,20,54,43,119,48,71,57,91,64,55,56,81,100,122,110,73,90,98,72,74,8,51,11,86,80,37,52,50,41,105,14,76,102,28,88,112,31,118,63,68,85,60,87,6,25,106,97,1,129,70,2,125,7,32,121,21,36,66,101,12,95,9,39,59,5,13,120,29,89,84,77,58,124,65,114,27,61,38,40,_G1164830]
  046		 12799.8780726640		[78,99,23,88,97,67,31,35,83,112,109,18,26,16,33,0,75,108,60,10,44,129,38,40,70,49,125,32,92,3,52,37,80,102,86,74,72,56,81,8,64,73,98,51,76,118,100,122,110,93,11,94,14,30,53,79,117,106,103,42,62,69,96,6,87,85,63,68,123,127,104,61,15,4,111,113,120,77,107,7,2,116,105,1,82,29,114,27,84,65,124,89,58,45,19,34,41,43,36,20,21,39,46,22,95,66,13,12,50,54,121,9,101,5,90,91,71,48,57,119,115,28,24,47,25,128,17,59,55,126,_G1165232]
  047		 12820.9359881332		[113,2,116,114,61,0,40,70,15,44,75,10,4,127,111,104,38,129,45,92,46,36,32,21,22,95,66,20,17,7,19,49,82,29,58,89,124,77,120,12,121,39,59,3,117,1,99,26,115,30,53,37,94,23,76,102,80,86,91,105,52,48,57,50,119,41,79,107,125,27,84,65,34,9,13,54,5,101,90,73,72,56,67,112,118,31,93,88,14,106,128,108,18,109,83,97,24,6,69,126,60,63,68,87,85,25,123,96,62,47,35,28,42,103,33,16,78,51,74,98,55,64,8,100,110,122,81,11,71,43|_G1165632]
  048		 12891.2309748667		[96,6,62,109,67,42,26,30,18,23,80,86,74,8,51,73,98,72,91,90,71,52,50,39,22,121,54,9,101,5,13,36,41,21,32,20,7,17,45,79,92,3,34,117,1,129,49,70,113,82,29,124,89,84,65,77,120,125,107,2,58,127,116,111,75,108,10,128,4,15,61,27,114,104,38,40,53,33,106,69,25,126,0,19,16,28,94,99,37,78,115,11,14,97,24,112,31,35,83,47,103,87,63,68,123,60,44,85,105,48,59,43,119,46,12,66,95,88,93,76,102,118,56,81,55,64,100,122,110,57|_G1166031]
  049		 12975.1656273856		[36,21,121,39,50,41,119,48,52,43,22,46,95,12,125,7,82,29,120,58,124,65,89,2,116,111,61,127,40,38,70,45,92,3,34,53,30,33,26,99,16,23,126,96,25,67,62,69,103,128,108,75,10,15,104,27,114,113,32,107,17,20,79,117,19,1,129,4,44,0,106,97,109,24,31,112,93,83,35,110,122,100,81,56,64,55,74,51,73,98,72,8,102,76,28,14,115,88,80,37,78,94,118,123,60,63,68,85,47,42,18,86,11,91,71,57,105,54,5,101,9,66,13,59,49,77,84,87,6,90|_G1166430]
  050		 12990.2446730740		[42,26,99,34,17,7,29,82,125,107,113,45,92,46,52,105,91,11,86,94,14,18,16,23,78,109,83,47,35,97,24,62,67,112,118,93,28,88,76,80,102,56,81,8,64,55,51,74,73,71,98,37,115,30,106,103,33,49,19,38,111,127,44,15,0,40,70,53,79,43,59,41,36,121,119,57,48,50,54,13,12,66,95,9,39,21,22,32,58,89,124,65,84,27,104,61,2,116,114,120,77,20,129,1,117,3,72,100,110,122,31,123,96,25,126,69,6,87,68,63,85,10,75,60,108,4,128,5,101,90|_G1166829]
  051		 13014.1013740776		[53,117,1,129,38,111,82,107,32,29,70,40,127,114,27,116,61,124,89,65,77,21,46,36,3,52,50,41,92,54,12,13,5,9,66,95,22,20,17,113,2,58,84,44,4,75,108,60,10,15,7,125,120,45,79,49,34,26,30,23,99,37,86,64,81,56,98,102,28,115,11,91,72,73,8,51,74,90,119,48,57,105,71,101,121,19,59,78,18,42,88,109,24,97,67,47,31,83,112,118,76,93,94,33,103,14,80,55,110,122,100,35,126,106,62,69,96,6,87,63,68,85,25,123,128,0,104,16,43,39,_G1167230]
  052		 13120.5571242494		[115,23,28,94,80,102,76,35,31,97,67,47,24,14,93,109,62,6,87,63,96,106,103,30,91,119,71,57,90,50,105,72,73,74,98,51,56,81,55,11,64,8,122,118,112,42,88,78,37,86,99,33,18,26,16,129,45,113,107,92,79,1,53,34,49,36,43,41,46,21,54,121,9,101,5,66,59,52,48,100,110,83,69,25,128,123,60,10,4,108,0,40,38,70,61,44,127,2,7,120,125,29,82,104,114,124,89,84,77,65,27,111,116,17,117,19,3,22,95,12,13,32,39,20,58,15,75,126,68,85|_G1167630]
  053		 13133.9608298182		[94,23,93,109,62,96,123,87,69,63,68,85,60,108,10,104,61,15,40,0,38,70,116,82,29,124,2,17,107,20,12,9,13,95,22,121,92,39,21,36,46,43,54,59,101,48,50,52,119,57,41,53,117,79,19,105,34,37,91,80,86,55,81,56,8,64,73,76,78,11,51,74,98,72,71,90,5,3,1,33,30,26,18,88,67,42,106,6,25,128,44,75,4,103,97,24,112,35,83,31,28,14,126,99,118,102,100,110,122,47,115,16,49,113,7,45,32,66,120,77,125,114,111,127,27,58,89,84,65,129,_G1168031]
  054		 13209.2210990351		[118,80,81,8,56,55,64,51,74,73,98,72,91,86,11,23,78,37,115,14,28,88,99,26,30,53,19,3,34,49,7,82,2,125,45,17,107,32,39,121,36,21,95,12,22,43,48,52,54,5,101,9,92,46,20,66,13,41,50,79,117,1,129,113,116,111,38,40,127,61,27,114,104,75,10,60,108,4,15,44,0,70,84,124,65,29,120,58,77,59,57,71,90,105,119,16,42,18,106,67,62,112,97,109,24,31,35,83,93,33,126,96,25,128,63,85,87,6,123,68,47,69,103,94,76,102,100,122,110,89|_G1168431]
  055		 13230.9633077645		[122,110,118,35,112,83,93,80,76,94,30,115,28,11,78,23,99,33,70,40,15,111,27,114,116,104,82,29,113,2,17,45,117,16,44,75,10,4,68,108,60,123,106,14,26,103,42,88,109,97,67,47,126,18,105,57,119,52,71,48,59,39,19,34,53,61,127,38,32,21,36,1,49,129,3,41,50,43,92,46,121,101,54,5,13,66,95,12,9,22,20,7,107,125,120,77,58,84,65,124,89,63,87,6,24,31,55,64,8,51,73,72,74,91,98,86,102,100,81,56,37,90,79,0,128,25,96,69,62,85|_G1168830]
  056		 13298.2351025251		[104,70,40,38,0,127,116,49,19,32,46,36,92,39,20,113,2,107,17,125,117,34,53,1,45,3,21,79,52,57,105,91,11,80,55,102,94,26,88,67,69,6,47,24,109,62,97,93,112,31,35,100,64,81,8,73,72,23,28,18,14,30,33,103,106,126,42,16,37,86,74,51,56,98,78,76,118,122,110,83,99,75,10,108,4,15,61,27,114,82,89,124,65,84,58,29,120,7,111,129,44,123,60,63,87,68,85,25,115,50,43,41,59,71,48,119,90,54,22,95,66,13,9,101,5,121,12,77,128,96,_G1169231]
  057		 13344.7554723524		[46,3,19,7,125,79,117,53,23,94,115,28,76,80,91,72,98,74,73,51,8,71,48,105,78,16,14,18,30,26,106,60,108,128,63,87,85,68,123,25,47,35,83,100,56,81,102,11,99,33,126,42,88,69,6,24,109,67,62,96,103,97,93,118,122,110,55,64,86,37,57,52,119,43,45,21,121,54,22,95,66,20,36,59,13,12,101,9,50,41,92,39,5,90,113,49,129,70,116,104,127,40,38,2,17,107,120,77,89,65,124,58,84,27,111,82,29,114,61,15,4,10,75,44,0,1,34,32,112,31|_G1169631]
  058		 13446.9951036432		[120,113,82,29,125,89,84,77,124,65,58,107,32,21,43,92,3,70,127,111,114,27,61,104,15,108,60,123,10,44,4,75,126,62,67,69,33,30,115,23,14,28,78,11,57,50,41,119,52,48,59,54,121,39,95,22,66,9,13,20,7,2,45,19,46,117,79,17,1,53,40,0,116,42,109,106,6,25,87,16,99,26,97,47,24,112,31,35,83,76,118,102,80,55,64,73,98,72,74,51,8,56,100,122,81,110,88,93,94,18,103,49,129,38,34,105,91,37,86,36,5,101,12,71,90,96,128,63,68,85,_G1170032]
  059		 13451.6633865836		[91,37,115,80,88,112,83,24,18,78,28,14,99,94,23,33,53,92,32,21,39,43,121,13,9,12,46,36,54,95,119,52,48,71,57,41,105,117,34,3,50,59,5,101,66,22,20,17,7,125,113,116,107,2,82,29,89,120,45,79,129,40,70,19,49,1,111,104,44,15,61,27,114,127,38,75,108,60,68,63,25,69,6,85,87,128,126,103,109,67,106,42,26,62,97,47,31,93,35,76,102,86,72,73,8,81,56,55,110,30,11,74,51,98,64,100,122,118,96,10,4,0,16,123,77,124,84,65,58,90|_G1170432]
  060		 13497.2250145170		[82,125,79,1,129,117,19,17,107,7,20,46,95,66,121,39,92,105,57,71,119,59,50,41,54,52,3,86,64,55,74,102,28,88,14,80,56,51,72,73,11,78,53,34,32,120,124,65,29,114,27,61,104,4,15,44,108,128,60,123,87,68,63,85,6,96,62,47,97,24,67,112,35,31,76,83,93,23,115,30,16,126,106,69,25,0,40,116,111,38,113,45,2,89,84,77,58,49,42,18,118,103,33,26,99,94,109,122,110,81,8,98,91,37,48,36,13,12,22,21,43,9,5,101,90,100,75,10,127,70|_G1170831]
  061		 13513.1306203911		[53,3,79,17,20,22,121,13,21,46,50,119,52,105,94,28,93,97,83,122,86,78,64,56,73,74,72,57,37,26,42,106,96,25,63,68,87,85,69,128,108,4,44,75,60,10,38,129,116,111,104,15,27,114,127,40,61,82,107,29,125,113,7,1,19,36,39,32,43,41,59,54,9,66,95,12,5,48,34,92,58,45,2,70,49,117,16,30,33,126,109,67,24,47,62,6,123,18,14,88,76,80,11,115,23,99,0,120,77,89,124,65,84,101,98,55,81,51,8,102,110,100,118,31,112,35,103,91,71,90,_G1171232]
  062		 13717.6546767112		[1,129,79,45,117,38,111,104,0,40,70,53,92,17,19,34,3,46,66,22,36,20,120,77,124,89,65,84,58,2,82,29,107,113,125,7,32,21,121,54,95,50,5,101,90,59,52,99,26,42,67,47,109,31,118,33,106,25,123,69,126,128,85,6,112,93,28,23,94,11,14,88,80,115,103,30,18,24,97,62,96,44,108,116,12,13,9,39,91,98,74,51,64,86,72,73,48,43,105,37,76,102,55,56,81,8,110,122,100,83,35,87,68,63,60,75,10,127,114,27,61,15,4,49,16,41,119,57,71,78|_G1171632]
  063		 13757.9289390420		[28,94,115,99,18,16,103,126,69,96,85,68,4,60,128,123,25,6,97,109,93,83,112,24,62,88,35,47,118,31,81,56,73,90,98,51,8,55,102,76,11,64,86,105,52,50,121,21,36,32,7,40,0,61,114,27,124,65,77,29,58,89,84,120,113,82,38,44,15,127,116,104,111,70,129,1,34,53,45,49,79,125,107,117,17,37,57,71,72,74,91,80,23,14,33,30,106,87,63,26,42,67,110,122,100,3,19,20,39,22,92,46,43,59,41,95,66,13,9,12,101,5,78,54,119,48,2,75,108,10|_G1172031]
  064		 13775.5071160301		[58,29,82,107,125,79,53,117,21,46,36,39,121,13,9,66,95,20,17,22,34,30,115,26,99,37,105,52,48,119,50,54,41,43,57,90,73,72,56,98,51,8,64,55,81,100,110,122,83,97,109,67,24,6,123,128,25,87,68,63,85,106,96,62,47,35,31,118,112,93,88,14,76,80,42,103,33,16,18,28,78,91,71,74,23,94,102,59,92,32,45,113,2,116,114,61,104,111,38,0,127,40,129,15,44,60,10,4,75,126,69,1,7,19,49,70,108,27,124,89,120,77,65,84,3,86,5,101,12,11,_G1172432]
  065		 13819.7219093753		[9,5,72,1,49,45,107,113,129,20,39,13,95,50,105,78,115,23,28,37,86,88,42,18,26,33,16,53,34,79,17,32,36,92,3,19,117,38,40,0,70,61,116,111,15,75,128,123,60,10,2,7,120,58,65,124,89,84,82,29,125,77,22,43,46,21,54,121,59,101,12,66,30,62,47,24,97,31,35,67,6,87,68,63,126,69,25,96,106,103,99,14,93,109,112,76,118,83,110,100,56,55,81,51,11,64,8,73,74,98,102,80,94,41,52,48,57,71,90,119,91,122,85,108,4,104,114,27,127,44|_G1172832]
  066		 13855.5280669705		[41,39,32,92,79,117,53,30,26,18,109,24,6,96,87,85,69,62,42,103,16,33,0,70,49,116,40,38,129,45,22,66,13,43,36,20,125,77,2,82,29,58,89,124,65,84,120,46,95,12,121,101,9,7,111,113,19,34,105,11,28,94,23,99,115,72,48,71,57,59,21,50,54,119,3,52,37,80,102,93,88,97,112,83,35,31,110,122,8,56,81,55,100,51,98,73,64,74,86,91,90,5,107,17,15,44,108,60,75,123,63,68,106,25,128,126,67,47,14,1,104,127,61,27,114,4,10,78,76,118,_G1173233]
  067		 13862.0785583612		[70,0,127,61,111,38,7,32,17,45,92,107,125,82,2,79,19,53,23,78,37,115,14,28,99,3,48,57,71,90,98,51,64,8,56,55,73,74,81,122,100,110,76,80,102,35,31,109,97,112,118,47,88,30,26,42,94,93,83,24,69,96,6,25,126,103,67,62,18,106,33,86,11,34,43,36,21,39,41,50,13,95,66,12,22,46,20,77,129,113,116,40,1,117,54,119,105,16,44,15,4,108,60,10,27,89,58,124,84,65,29,120,49,52,121,59,101,5,9,114,104,128,75,63,68,85,87,123,91,72|_G1173633]
  068		 13877.9010611073		[97,109,93,80,23,115,94,57,74,51,81,8,55,122,100,76,99,129,40,127,4,15,60,108,85,25,123,68,63,87,96,128,75,10,44,0,111,104,61,114,27,69,33,126,67,62,106,30,28,88,26,53,34,19,7,117,107,17,45,49,70,38,113,2,116,89,29,82,84,77,65,124,58,125,32,92,36,21,20,22,121,54,39,43,41,59,3,46,66,12,52,72,98,86,102,64,73,56,110,112,31,35,83,118,24,6,18,1,79,120,13,9,5,95,50,101,90,71,78,37,11,91,105,48,119,16,42,103,14,47,_G1174034]
  069		 13983.8776563428		[53,79,117,103,62,96,87,63,85,108,128,69,6,8,56,81,100,51,73,74,102,11,94,115,23,28,99,33,16,126,42,14,18,88,80,76,35,112,31,47,83,24,97,67,109,106,60,123,68,25,75,44,4,15,10,127,104,38,40,113,125,7,45,17,107,2,58,84,29,82,111,70,129,1,34,39,41,59,54,46,92,36,21,43,50,119,57,48,71,105,121,13,12,9,66,101,3,19,22,95,20,49,0,61,114,116,27,52,91,37,78,72,98,86,64,110,122,118,93,55,90,5,26,30,32,120,77,89,124,65|_G1174434]
  070		 14086.5388699100		[124,65,58,82,29,77,12,66,46,21,36,43,119,52,41,92,45,1,53,19,129,117,70,114,27,61,104,127,38,40,49,34,33,99,18,26,14,115,78,37,3,59,48,71,50,5,101,121,39,13,9,57,54,79,16,94,76,93,109,97,47,62,67,42,106,103,30,23,28,74,51,73,98,64,55,86,91,80,83,35,100,110,122,81,8,56,118,112,24,96,25,69,126,128,60,123,15,111,0,44,4,75,108,63,68,87,85,6,125,22,95,20,107,113,116,2,7,32,17,89,84,120,90,102,11,72,105,88,31,10|_G1174833]
  071		 14110.4070646224		[73,74,11,91,23,78,37,53,3,19,45,117,1,129,40,111,38,44,4,75,15,10,60,68,87,85,27,114,104,70,49,125,107,7,113,58,124,89,65,82,116,120,2,61,127,0,16,115,76,28,42,106,96,69,6,25,108,123,128,63,99,88,109,97,31,35,112,118,83,93,14,94,86,30,26,33,103,126,62,67,24,64,98,80,55,56,8,100,122,110,81,105,41,71,90,50,59,119,57,5,9,13,66,95,12,77,20,17,79,36,21,39,32,121,22,46,54,101,43,34,92,18,47,102,51,72,48,52,29,84,_G1175234]
  072		 14169.3568558556		[85,25,62,69,96,128,0,79,104,40,70,116,114,27,111,15,4,10,44,75,68,108,60,123,106,14,26,103,18,126,109,88,42,97,67,47,93,83,112,35,118,122,110,80,76,94,30,115,28,11,78,23,99,33,105,57,119,43,50,41,92,3,46,121,101,54,5,13,12,95,66,9,22,20,7,113,29,82,107,125,19,39,59,48,71,52,37,98,91,86,102,51,8,55,64,73,72,100,74,81,56,31,24,6,87,63,16,117,17,2,45,120,77,58,84,65,124,89,129,49,1,36,21,32,38,127,61,53,34,90,_G1175636]
  073		 14215.8951818199		[47,31,112,118,76,28,33,103,106,6,25,10,4,44,0,40,38,129,1,117,79,17,19,45,49,34,3,50,119,52,54,121,95,22,21,41,43,46,66,9,13,92,39,12,101,59,57,90,56,8,98,91,105,78,115,94,11,74,51,55,64,73,72,48,86,102,81,80,93,88,14,23,42,37,36,32,20,7,82,29,77,65,124,89,84,120,113,2,116,70,104,114,27,61,75,108,123,60,128,63,68,85,96,18,109,24,35,83,110,122,100,30,107,58,111,127,125,53,26,99,16,62,67,97,69,126,15,87,71,5,_G1176038]
  074		 14286.3969325466		[17,117,107,125,79,49,45,53,34,1,129,70,111,104,116,127,15,44,10,75,108,0,61,38,82,113,20,37,57,71,72,74,91,80,23,14,33,88,112,83,93,97,6,25,123,128,60,4,68,85,96,69,126,16,99,115,94,28,18,103,109,24,62,35,47,118,31,81,56,73,90,98,51,8,55,102,76,11,64,86,105,52,50,121,21,36,32,7,40,30,106,87,63,26,42,67,110,122,100,41,95,66,9,13,12,22,39,92,46,43,59,48,54,119,3,19,2,120,84,89,58,29,77,124,114,27,65,101,5,78,_G1176440]
  075		 14286.5005928848		[57,41,43,54,20,36,32,7,107,58,77,124,84,65,89,29,17,34,46,39,22,21,19,129,45,2,104,127,61,111,15,0,40,70,126,30,33,78,76,93,24,67,88,112,109,31,62,69,123,96,42,26,99,18,49,53,16,105,79,125,1,117,50,52,48,3,113,92,59,95,66,12,13,9,5,101,71,90,91,80,86,37,14,102,56,118,35,83,103,38,82,120,11,28,97,106,6,25,87,85,128,75,44,116,114,27,4,10,108,60,68,63,47,94,23,115,72,73,74,98,64,55,51,8,100,122,110,81,119,121|_G1176840]
  076		 14316.6966358832		[98,91,90,51,102,18,33,106,128,63,25,96,123,126,42,87,85,6,69,68,60,75,10,4,108,127,61,116,38,70,104,111,113,125,29,82,107,17,45,79,92,32,120,65,89,95,39,19,117,3,57,72,86,115,16,34,1,40,44,0,129,15,27,114,124,119,23,112,35,118,83,97,93,88,14,103,30,53,66,121,54,50,43,36,21,9,5,59,41,105,48,52,71,37,78,74,64,80,94,28,24,31,47,62,67,109,26,99,11,76,110,100,122,81,56,8,55,73,46,22,20,49,2,7,58,77,84,12,13,101|_G1177239]
  077		 14341.7437479787		[36,22,92,43,54,121,12,20,107,7,17,2,29,82,129,40,79,32,21,45,3,113,58,125,77,95,66,101,59,19,49,38,70,1,117,34,53,115,26,105,41,46,9,116,127,103,0,111,61,27,114,15,44,108,75,4,60,123,128,25,87,126,30,18,14,78,86,91,98,56,72,71,57,119,50,52,48,37,93,88,23,94,102,81,55,64,8,100,122,76,11,80,28,42,33,16,99,109,97,118,83,35,112,31,69,6,96,68,85,63,106,10,104,124,89,65,84,120,5,13,39,74,51,73,90,110,24,47,67,62,_G1177640]
  078		 14408.1511083143		[78,94,28,18,30,115,99,16,1,34,19,49,129,104,27,114,70,0,40,79,17,113,2,45,121,39,50,41,57,48,90,98,37,11,64,55,74,72,8,51,91,86,71,73,52,59,101,66,12,95,22,43,119,54,20,21,36,3,92,105,107,116,111,61,4,10,75,44,15,128,108,60,123,96,25,6,63,68,85,87,24,47,35,83,118,31,76,102,56,81,100,110,109,67,62,69,126,42,33,26,103,93,97,106,88,112,80,23,14,117,82,124,58,120,77,29,7,125,84,127,53,46,9,13,5,32,89,65,38,122,_G1178042]
  079		 14426.3611755324		[127,61,114,27,15,10,4,44,0,111,75,128,68,87,85,63,108,40,1,129,34,19,92,20,7,113,82,116,120,17,32,107,125,45,49,3,117,46,22,54,119,5,95,66,12,121,39,36,21,79,38,58,89,124,65,77,2,26,14,115,78,23,18,33,103,106,6,25,126,62,67,47,112,83,118,35,31,97,109,93,28,76,94,11,91,71,90,50,41,43,59,48,52,53,99,42,69,96,24,30,16,102,56,8,55,80,37,86,73,72,74,51,81,98,64,100,122,70,104,29,84,13,101,9,57,105,88,110,123,60,_G1178444]
  080		 14463.0582355202		[19,92,3,79,34,17,113,2,7,125,58,89,124,65,77,32,45,129,1,49,20,117,16,53,30,33,26,14,99,23,94,115,28,88,42,18,106,69,6,96,128,108,63,68,87,85,103,97,102,80,11,91,51,81,56,64,98,90,52,57,119,48,71,105,37,107,82,29,84,38,75,60,123,126,25,47,24,112,35,31,93,83,118,78,72,73,74,55,86,76,109,67,62,15,44,4,10,70,111,116,61,27,114,22,121,36,41,9,101,50,54,39,13,46,21,120,59,66,43,95,12,104,127,40,0,5,8,100,122,110|_G1178844]
  081		 14476.7216263135		[89,84,124,58,29,82,2,38,104,111,116,127,15,44,61,70,0,117,1,53,92,46,22,13,95,12,121,54,36,39,32,125,107,79,20,3,57,71,59,41,48,72,91,86,74,64,56,8,55,81,100,80,115,99,126,25,6,96,47,24,109,42,106,18,23,94,14,102,11,28,26,30,33,16,34,19,113,129,49,40,114,27,65,63,128,10,85,123,67,88,93,76,118,35,31,83,110,122,98,73,78,45,17,7,120,43,21,50,52,37,51,90,119,105,5,101,9,66,77,4,68,108,60,75,103,69,62,97,112,87,_G1179245]
  082		 14502.8208545033		[61,111,127,38,75,10,60,123,96,69,62,67,126,128,108,4,44,0,70,1,117,19,49,107,29,129,116,40,104,114,27,89,124,58,17,79,34,45,92,39,21,36,41,50,119,71,90,48,57,86,91,55,56,64,8,73,74,72,51,81,100,122,28,102,80,11,94,78,37,115,99,26,16,42,33,30,103,25,6,87,68,63,85,14,106,97,109,93,88,18,31,35,83,24,112,118,76,98,105,13,54,59,46,22,20,82,7,113,125,120,2,3,43,52,15,47,110,53,23,32,121,9,101,95,66,12,77,84,65,5|_G1179645]
  083		 14516.8118515237		[11,55,81,8,64,37,86,115,78,99,16,88,42,14,93,23,26,18,103,106,6,128,123,60,44,61,70,1,49,34,36,20,39,32,17,129,7,2,116,111,0,25,69,126,33,109,24,97,67,62,28,94,80,91,105,72,73,74,102,76,35,83,122,56,98,51,48,52,101,5,121,46,41,3,19,22,66,57,71,90,50,54,59,21,13,12,45,117,79,92,43,119,9,77,124,89,84,104,114,113,58,120,125,29,82,127,40,38,107,53,30,96,87,63,85,68,75,15,10,4,108,27,65,95,47,31,112,118,110,100,_G1180046]
  084		 14517.8536705133		[123,128,60,4,10,116,129,40,0,79,53,115,78,30,126,87,68,25,108,75,15,44,127,104,111,82,120,125,89,84,113,58,2,107,17,7,29,114,65,124,77,95,22,32,36,43,54,59,45,27,61,38,70,49,19,34,41,105,11,80,94,28,112,35,76,14,102,72,56,98,90,57,91,74,73,37,86,81,55,64,8,71,119,48,52,46,21,121,9,101,5,50,20,39,26,88,93,109,24,18,31,118,97,67,47,69,62,42,103,106,6,85,63,96,16,99,33,23,3,66,12,13,92,117,1,51,100,122,110,83|_G1180446]
  085		 14526.1636634226		[82,125,104,61,0,111,116,70,17,107,7,113,45,19,34,16,94,23,18,30,115,78,37,51,74,8,72,64,80,88,28,47,112,83,24,62,106,42,33,99,1,117,79,38,27,15,4,75,108,60,10,44,40,123,6,87,68,69,67,97,35,31,126,25,128,96,103,26,14,93,11,91,71,73,98,86,105,57,3,43,59,22,9,13,66,46,39,21,36,50,54,92,41,52,119,48,121,95,32,2,58,89,84,29,124,65,114,20,12,77,120,49,129,127,53,90,101,5,76,118,102,81,56,55,122,110,100,109,63,85,_G1180847]
  086		 14649.6047833226		[10,60,123,128,75,15,111,116,2,7,120,58,65,124,89,84,82,29,125,77,22,43,46,21,54,121,59,101,12,66,36,32,17,79,92,3,19,117,38,40,0,70,61,44,127,27,34,53,33,28,23,115,78,37,86,88,42,18,26,16,94,80,102,74,73,98,41,52,48,57,71,90,119,91,99,103,106,96,25,69,126,68,63,87,6,62,47,67,35,31,97,24,14,93,109,112,110,76,118,83,100,56,55,81,51,11,64,8,122,105,50,95,13,39,20,129,45,49,107,113,114,4,104,108,85,30,1,9,5,72,_G1181249]
  087		 14693.6129167674		[116,111,40,127,104,0,45,7,2,17,113,125,58,89,124,65,77,32,12,95,22,43,54,66,121,36,59,13,79,92,19,3,50,39,120,21,46,101,9,41,119,57,52,90,98,64,56,81,51,91,11,80,102,14,26,33,30,53,16,129,1,117,20,49,61,27,114,70,10,4,44,15,75,60,123,126,25,47,24,112,35,31,62,67,109,106,18,42,88,28,115,76,55,74,73,78,93,83,118,72,86,8,110,122,100,99,23,94,37,105,48,71,34,103,96,6,69,128,108,63,68,87,85,97,107,82,29,84,38,5,_G1181651]
  088		 14768.4060736716		[126,25,85,68,63,128,104,111,129,1,117,16,33,78,99,28,88,103,14,119,57,71,48,72,74,55,73,90,51,81,8,64,11,91,98,80,102,56,94,115,37,86,23,93,76,83,100,122,26,47,123,127,96,69,62,112,35,31,109,67,97,42,18,30,15,44,4,108,60,75,10,70,40,116,125,89,58,120,32,36,92,46,39,21,20,29,82,107,17,79,53,105,52,50,41,3,34,19,38,45,49,2,7,113,77,124,65,95,12,66,54,59,101,5,13,9,121,22,43,61,114,27,84,0,106,6,87,24,118,110|_G1182051]
  089		 14799.1053856014		[6,96,69,68,63,126,42,26,30,18,93,76,83,35,88,80,23,16,99,115,33,103,109,67,31,47,62,102,8,56,81,110,74,86,78,55,64,51,73,100,122,118,94,37,72,98,91,90,57,119,43,79,92,17,2,45,107,125,120,77,58,127,40,129,1,19,21,32,20,7,111,10,108,128,4,15,114,104,38,116,27,61,82,89,124,84,65,29,113,70,49,36,22,121,39,46,41,48,71,50,52,59,5,9,13,66,95,12,54,105,3,34,117,28,53,0,106,14,11,112,97,24,25,123,60,75,44,87,85,101|_G1182450]
  090		 14884.2299540156		[23,14,102,76,64,110,100,122,81,35,97,67,93,83,47,62,24,96,25,60,123,15,114,27,82,70,127,111,40,49,34,3,30,18,99,16,19,79,92,36,46,95,9,20,107,129,17,113,45,117,1,54,13,121,66,12,22,39,21,32,7,125,2,58,116,38,44,75,108,10,4,61,120,29,77,89,104,0,53,52,48,37,80,91,98,51,56,72,74,73,55,8,11,86,71,43,59,119,57,41,50,101,5,78,28,109,88,112,42,26,69,63,68,85,87,128,103,106,33,126,115,94,105,90,31,118,6,124,84,65,_G1182851]
  091		 14916.9456131718		[61,116,2,40,0,127,4,10,108,128,69,106,38,34,79,17,113,20,49,1,7,111,104,89,124,82,22,121,13,12,101,5,50,119,48,59,92,117,53,70,15,114,27,9,77,120,125,29,65,84,129,45,19,36,46,21,32,66,95,54,39,3,107,58,33,14,99,80,11,94,115,16,30,62,63,123,60,75,44,126,67,47,24,112,76,86,78,23,109,97,102,55,51,81,110,35,93,88,42,31,83,118,122,74,56,100,8,73,72,64,91,98,71,90,52,105,37,28,26,18,103,96,25,6,68,87,85,43,41,57|_G1183251]
  092		 14933.1058971572		[105,119,90,5,101,9,66,77,4,68,108,60,75,103,106,42,18,23,94,14,109,24,47,96,6,69,62,97,112,51,8,56,55,64,74,86,91,72,48,41,59,54,121,36,39,32,125,107,79,20,3,57,71,81,100,80,115,99,126,25,70,0,61,44,15,127,116,111,104,38,2,82,29,58,124,84,89,117,1,53,92,46,22,13,95,12,10,128,63,85,123,67,88,93,76,118,35,31,83,110,122,98,73,78,30,33,16,26,28,11,102,34,19,113,129,49,40,114,27,65,45,17,7,120,43,21,50,52,37,87|_G1183650]
  093		 14962.4387581911		[57,48,50,52,105,37,78,102,80,76,83,97,109,67,62,126,18,11,91,73,8,56,55,64,28,30,103,25,6,123,128,108,116,40,4,44,0,16,1,117,7,32,17,20,22,46,21,36,39,41,43,54,13,121,59,101,95,66,12,77,113,29,58,89,120,2,49,70,114,27,104,38,129,34,94,93,24,69,96,106,33,14,26,23,53,3,79,125,45,92,107,82,61,127,111,75,63,68,85,87,60,10,15,124,86,51,72,115,88,31,35,118,112,47,42,74,81,100,122,110,98,71,90,119,5,9,19,99,84,65,_G1184051]
  094		 14973.8944763879		[57,48,50,52,105,37,78,102,80,76,83,97,109,67,62,126,18,11,91,73,8,56,55,64,28,30,103,25,6,123,128,108,116,40,4,44,0,16,1,117,7,32,17,20,22,46,21,36,39,41,43,54,13,121,59,101,95,66,12,77,113,29,58,89,120,2,49,70,114,27,104,38,129,34,94,93,24,69,96,106,42,14,26,23,53,3,79,125,45,92,107,82,61,127,111,75,63,68,85,87,60,10,15,124,86,51,72,115,88,31,35,118,112,47,33,74,81,100,122,110,98,71,90,119,5,9,19,99,84,65,_G1184453]
  095		 14988.3816130017		[40,70,53,92,17,19,39,121,9,13,12,46,3,34,52,59,90,101,5,54,95,50,21,32,7,125,113,107,2,82,29,116,0,104,111,1,129,79,45,117,38,108,44,96,62,97,24,35,76,102,55,56,81,8,110,122,100,64,51,74,98,91,86,72,73,48,36,22,66,20,120,77,124,89,65,84,58,43,105,37,99,26,42,67,47,83,18,30,103,115,80,88,14,11,93,112,28,109,31,23,94,33,106,25,123,69,126,128,85,6,10,75,127,49,41,78,57,119,71,118,16,60,4,15,61,27,114,63,68,87,_G1184855]
  096		 15025.3764057330		[128,25,126,16,117,19,17,82,61,113,7,20,107,45,79,49,33,99,78,23,53,41,34,38,15,4,108,10,75,127,104,111,114,116,70,129,2,13,9,66,22,21,36,46,12,95,32,92,1,125,120,84,124,65,29,58,77,89,27,44,0,103,30,18,62,26,109,94,102,64,37,57,50,52,105,71,91,80,28,88,14,86,76,24,112,83,97,47,115,42,106,69,96,6,31,122,110,81,56,100,118,35,93,67,123,63,85,68,60,121,119,54,59,48,43,5,101,3,40,39,90,73,98,72,51,74,55,8,11,87,_G1185257]
  097		 15037.6607184560		[107,17,79,92,32,45,117,1,129,16,80,98,64,55,74,51,73,90,105,11,91,86,81,8,100,122,110,102,76,37,78,57,71,119,59,41,34,19,3,53,30,69,103,6,87,123,60,26,99,33,28,88,18,42,97,109,24,31,35,83,93,112,62,67,106,0,40,38,111,116,2,58,120,113,77,95,12,46,21,36,121,54,9,65,124,29,82,7,61,127,70,10,75,104,27,114,44,108,128,68,63,85,47,118,56,72,94,22,43,13,66,20,39,50,52,48,5,101,125,89,15,4,126,96,25,115,23,14,49,84|_G1185657]
  098		 15068.5192273923		[43,59,54,13,121,36,21,22,5,9,12,39,2,120,77,61,113,91,11,18,126,60,10,63,68,85,87,6,69,109,28,23,80,102,76,86,72,64,55,56,8,51,100,110,122,118,93,115,30,67,97,88,31,62,96,123,103,106,99,47,112,16,33,26,42,24,35,83,14,94,78,73,40,70,0,15,53,34,3,117,45,17,7,32,95,101,46,41,119,52,105,57,48,50,90,98,74,71,37,81,20,66,92,1,129,111,127,38,44,75,128,108,4,25,116,104,114,27,124,89,65,84,58,49,79,19,107,125,29,82|_G1186056]
  099		 15087.7404705990		[119,52,48,59,54,36,107,129,79,20,46,13,22,95,50,41,105,86,8,51,74,98,72,90,37,91,73,55,23,115,30,16,33,69,6,67,106,109,42,76,118,102,80,100,122,24,47,97,112,83,31,35,110,81,64,11,88,99,94,78,28,14,18,93,62,96,85,68,63,128,108,60,15,61,104,127,70,45,34,1,53,17,92,43,21,32,58,19,26,117,49,75,44,4,123,10,27,84,89,77,120,29,125,124,114,111,2,7,82,113,40,116,38,126,103,87,25,0,65,66,9,5,101,71,57,3,39,121,12,56|_G1186455]
  100		 15202.7779555433		[56,72,98,71,57,119,50,52,48,37,51,73,110,31,6,96,68,85,63,106,18,14,11,80,76,28,42,33,16,99,109,24,47,62,69,35,112,67,83,122,100,64,55,81,86,91,94,115,26,53,105,78,23,88,93,102,8,128,123,60,108,75,4,15,44,126,30,20,46,9,12,13,39,59,19,17,7,107,2,29,82,49,38,70,1,117,34,41,95,66,101,54,43,36,22,92,3,21,32,45,113,58,125,77,124,89,65,84,114,27,61,104,111,0,10,103,40,129,79,120,5,74,90,121,116,127,25,87,97,118|_G1186854]
=================================================================================================================================================================== 
