=================================================================================================================================================================== 
                                                         Resultados Algoritmo Genético Caixeiro Viajante                                                           
=================================================================================================================================================================== 
                                                                            Parâmetros                                                                             
------------------------------------------------------------------------------------------------------------------------------------------------------------------- 
	Data =  28/05/2015 16:40:10 	Tempo de execução =  1.030s 	Tamanho da população =  2 	Número de gerações =  4

	Taxa de migração =  10.00% 		Limite de erro =  122200 			Limite do Torneio em Habitat =  1.00

=================================================================================================================================================================== 
                                                                            Soluções                                                                              
Posição  		Distância                                                              Trajeto                                                              
------------------------------------------------------------------------------------------------------------------------------------------------------------------- 
  001		 20660.8094836497		[57,71,72,59,95,1,99,34,107,92,66,91,52,54,46,12,121,21,53,78,3,127,104,75,10,114,7,32,45,38,15,40,4,128,60,87,106,67,35,47,88,30,37,41,49,111,27,84,2,113,58,17,82,19,36,43,120,77,124,125,5,74,51,64,102,28,23,115,76,18,26,16,129,25,96,123,63,68,6,85,108,62,103,126,94,73,98,56,81,112,109,24,97,0,61,116,79,117,13,39,48,119,9,70,44,33,42,69,105,86,93,11,90,110,122,8,100,55,80,14,20,22,50,101,29,89,65,31,83,118|_G31454]
  002		 25494.8446151562		[93,11,90,117,116,61,34,99,1,95,59,57,71,72,112,0,7,114,10,75,53,21,121,12,46,54,52,91,92,107,66,78,3,127,104,79,13,129,16,18,76,23,26,31,118,83,50,101,80,110,86,105,33,70,120,43,36,19,82,17,58,113,44,68,63,123,25,96,115,119,9,42,69,122,8,100,55,14,81,56,28,64,51,102,73,103,62,126,94,98,49,111,27,84,2,20,22,29,65,89,40,15,38,45,32,48,74,41,37,30,88,47,35,67,106,60,128,87,4,125,124,77,5,109,24,97,6,85,108,39,_G31855]
=================================================================================================================================================================== 
