=================================================================================================================================================================== 
                                                         Resultados Algoritmo Genético Caixeiro Viajante                                                           
=================================================================================================================================================================== 
                                                                            Parâmetros                                                                             
------------------------------------------------------------------------------------------------------------------------------------------------------------------- 
	Data =  28/05/2015 16:49:19 	Tempo de execução =  2.512s 	Tamanho da população =  5 	Número de gerações =  20

	Taxa de migração =  10.00% 		Limite de erro =  122200 			Limite do Torneio em Habitat =  1.00

=================================================================================================================================================================== 
                                                                            Soluções                                                                              
Posição  		Distância                                                              Trajeto                                                              
------------------------------------------------------------------------------------------------------------------------------------------------------------------- 
  001		 7032.9562064715		[128,123,60,108,10,4,75,44,15,127,104,61,111,116,38,0,40,70,49,129,1,117,79,45,19,34,53,16,30,33,18,26,99,115,23,14,28,94,78,86,11,80,102,76,93,88,109,97,67,62,69,96,25,6,87,68,63,85,126,106,103,42,24,47,31,112,35,83,118,110,122,100,81,56,8,55,64,51,73,74,98,72,91,37,105,52,57,48,119,59,50,41,43,46,21,39,36,22,121,54,66,95,12,13,9,101,5,90,71,3,92,20,32,17,7,107,125,113,2,82,29,58,120,77,89,124,84,65,27,114|_G129266]
  002		 7038.7773354478		[89,124,84,65,77,120,58,29,82,2,113,125,107,7,17,32,20,117,79,45,19,34,53,1,129,49,70,40,0,38,116,111,61,104,127,15,44,75,4,10,108,60,128,123,85,63,68,87,6,25,96,69,62,67,97,109,88,93,76,102,80,11,86,78,94,28,14,23,115,18,26,99,30,16,33,126,42,103,106,24,47,31,112,35,83,118,110,122,100,81,56,8,55,64,51,73,74,98,72,91,37,105,52,57,48,119,59,50,41,43,46,21,39,36,22,121,54,66,95,12,13,9,101,5,90,71,3,92,114,27,_G129667]
  003		 7038.7773354478		[89,124,84,65,77,120,58,29,82,2,113,125,107,7,17,32,20,117,79,45,19,34,53,1,129,49,70,40,0,38,116,111,61,104,127,15,44,75,4,10,108,60,128,123,85,63,68,87,6,25,96,69,62,67,97,109,88,93,76,102,80,11,86,78,94,28,14,23,115,18,26,99,30,16,33,126,42,103,106,24,47,31,112,35,83,118,110,122,100,81,56,8,55,64,51,73,74,98,72,91,37,105,52,57,48,119,59,50,41,43,46,21,39,36,22,121,54,66,95,12,13,9,101,5,90,71,3,92,114,27,_G129667]
  004		 7038.7773354478		[89,124,84,65,77,120,58,29,82,2,113,125,107,7,17,32,20,117,79,45,19,34,53,1,129,49,70,40,0,38,116,111,61,104,127,15,44,75,4,10,108,60,128,123,85,63,68,87,6,25,96,69,62,67,97,109,88,93,76,102,80,11,86,78,94,28,14,23,115,18,26,99,30,16,33,126,42,103,106,24,47,31,112,35,83,118,110,122,100,81,56,8,55,64,51,73,74,98,72,91,37,105,52,57,48,119,59,50,41,43,46,21,39,36,22,121,54,66,95,12,13,9,101,5,90,71,3,92,114,27,_G129667]
  005		 7045.4463023736		[33,30,126,106,103,42,97,24,47,31,112,35,83,118,110,122,100,81,56,8,64,55,51,73,74,98,72,91,37,105,52,57,48,119,59,50,43,41,3,71,90,5,101,9,13,95,66,12,54,121,22,46,21,39,36,92,20,32,17,7,107,125,113,2,82,29,58,120,77,89,124,84,65,27,114,15,127,104,61,111,116,38,0,40,70,49,129,1,117,79,45,19,34,53,16,18,26,99,115,23,14,28,94,78,86,11,80,102,76,93,88,109,67,62,69,96,25,6,87,68,63,85,123,128,60,108,10,4,44,75,_G130093]
=================================================================================================================================================================== 
