=================================================================================================================================================================== 
                                                         Resultados Algoritmo Genético Caixeiro Viajante                                                           
=================================================================================================================================================================== 
                                                                            Parâmetros                                                                             
------------------------------------------------------------------------------------------------------------------------------------------------------------------- 
	Data =  29/05/2015 01:49:09 	Tempo de execução =  2351.855s 	Tamanho da população =  100 	Número de gerações =  500

	Taxa de migração =  10.00% 		Limite de erro =  122200 			Limite do Torneio em Habitat =  1.00

=================================================================================================================================================================== 
                                                                            Soluções                                                                              
Posição  		Distância                                                              Trajeto                                                              
------------------------------------------------------------------------------------------------------------------------------------------------------------------- 
  001		 6206.6200159962		[62,67,97,109,88,93,76,102,80,86,11,78,94,115,23,28,14,99,18,26,30,16,33,42,103,126,106,69,96,6,25,87,85,68,63,123,128,60,108,75,10,4,44,15,127,104,61,111,116,38,70,40,0,129,49,1,53,34,117,79,45,19,3,43,41,50,59,54,121,22,46,39,21,36,92,32,20,17,7,107,113,2,82,114,27,65,84,124,89,58,29,125,120,77,12,66,95,13,9,101,5,90,71,48,57,119,52,105,37,91,72,98,73,74,51,64,55,8,56,81,100,122,110,118,83,35,31,112,24,47,_G477524]
  002		 6206.6200159962		[62,67,97,109,88,93,76,102,80,86,11,78,94,115,23,28,14,99,18,26,30,16,33,42,103,126,106,69,96,6,25,87,85,68,63,123,128,60,108,75,10,4,44,15,127,104,61,111,116,38,70,40,0,129,49,1,53,34,117,79,45,19,3,43,41,50,59,54,121,22,46,39,21,36,92,32,20,17,7,107,113,2,82,114,27,65,84,124,89,58,29,125,120,77,12,66,95,13,9,101,5,90,71,48,57,119,52,105,37,91,72,98,73,74,51,64,55,8,56,81,100,122,110,118,83,35,31,112,24,47,_G477524]
  003		 6206.6200159962		[62,67,97,109,88,93,76,102,80,86,11,78,94,115,23,28,14,99,18,26,30,16,33,42,103,126,106,69,96,6,25,87,85,68,63,123,128,60,108,75,10,4,44,15,127,104,61,111,116,38,70,40,0,129,49,1,53,34,117,79,45,19,3,43,41,50,59,54,121,22,46,39,21,36,92,32,20,17,7,107,113,2,82,114,27,65,84,124,89,58,29,125,120,77,12,66,95,13,9,101,5,90,71,48,57,119,52,105,37,91,72,98,73,74,51,64,55,8,56,81,100,122,110,118,83,35,31,112,24,47,_G477524]
  004		 6206.6200159962		[77,120,125,29,58,89,124,84,65,27,114,82,2,113,107,7,17,20,32,92,36,21,39,46,22,121,54,59,50,41,43,3,19,45,79,117,34,53,1,49,129,0,40,70,38,116,111,61,104,127,15,44,4,10,75,108,60,128,123,63,68,85,87,25,6,96,69,106,126,103,42,33,16,30,26,18,99,14,28,23,115,94,78,11,86,80,102,76,93,88,109,97,67,62,47,24,112,31,35,83,118,110,122,100,81,56,8,55,64,51,74,73,98,72,91,37,105,52,119,57,48,71,90,5,101,9,13,95,66,12,_G477950]
  005		 6206.6200159962		[77,120,125,29,58,89,124,84,65,27,114,82,2,113,107,7,17,20,32,92,36,21,39,46,22,121,54,59,50,41,43,3,19,45,79,117,34,53,1,49,129,0,40,70,38,116,111,61,104,127,15,44,4,10,75,108,60,128,123,63,68,85,87,25,6,96,69,106,126,103,42,33,16,30,26,18,99,14,28,23,115,94,78,11,86,80,102,76,93,88,109,97,67,62,47,24,112,31,35,83,118,110,122,100,81,56,8,55,64,51,74,73,98,72,91,37,105,52,119,57,48,71,90,5,101,9,13,95,66,12,_G477950]
  006		 6206.6200159962		[77,120,125,29,58,89,124,84,65,27,114,82,2,113,107,7,17,20,32,92,36,21,39,46,22,121,54,59,50,41,43,3,19,45,79,117,34,53,1,49,129,0,40,70,38,116,111,61,104,127,15,44,4,10,75,108,60,128,123,63,68,85,87,25,6,96,69,106,126,103,42,33,16,30,26,18,99,14,28,23,115,94,78,11,86,80,102,76,93,88,109,97,67,62,47,24,112,31,35,83,118,110,122,100,81,56,8,55,64,51,74,73,98,72,91,37,105,52,119,57,48,71,90,5,101,9,13,95,66,12,_G477950]
  007		 6206.6200159962		[77,120,125,29,58,89,124,84,65,27,114,82,2,113,107,7,17,20,32,92,36,21,39,46,22,121,54,59,50,41,43,3,19,45,79,117,34,53,1,49,129,0,40,70,38,116,111,61,104,127,15,44,4,10,75,108,60,128,123,63,68,85,87,25,6,96,69,106,126,103,42,33,16,30,26,18,99,14,28,23,115,94,78,11,86,80,102,76,93,88,109,97,67,62,47,24,112,31,35,83,118,110,122,100,81,56,8,55,64,51,74,73,98,72,91,37,105,52,119,57,48,71,90,5,101,9,13,95,66,12,_G477950]
  008		 6206.6200159962		[77,120,125,29,58,89,124,84,65,27,114,82,2,113,107,7,17,20,32,92,36,21,39,46,22,121,54,59,50,41,43,3,19,45,79,117,34,53,1,49,129,0,40,70,38,116,111,61,104,127,15,44,4,10,75,108,60,128,123,63,68,85,87,25,6,96,69,106,126,103,42,33,16,30,26,18,99,14,28,23,115,94,78,11,86,80,102,76,93,88,109,97,67,62,47,24,112,31,35,83,118,110,122,100,81,56,8,55,64,51,74,73,98,72,91,37,105,52,119,57,48,71,90,5,101,9,13,95,66,12|_G478386]
  009		 6206.6200159962		[77,120,125,29,58,89,124,84,65,27,114,82,2,113,107,7,17,20,32,92,36,21,39,46,22,121,54,59,50,41,43,3,19,45,79,117,34,53,1,49,129,0,40,70,38,116,111,61,104,127,15,44,4,10,75,108,60,128,123,63,68,85,87,25,6,96,69,106,126,103,42,33,16,30,26,18,99,14,28,23,115,94,78,11,86,80,102,76,93,88,109,97,67,62,47,24,112,31,35,83,118,110,122,100,81,56,8,55,64,51,74,73,98,72,91,37,105,52,119,57,48,71,90,5,101,9,13,95,66,12,_G477950]
  010		 6206.6200159962		[77,120,125,29,58,89,124,84,65,27,114,82,2,113,107,7,17,20,32,92,36,21,39,46,22,121,54,59,50,41,43,3,19,45,79,117,34,53,1,49,129,0,40,70,38,116,111,61,104,127,15,44,4,10,75,108,60,128,123,63,68,85,87,25,6,96,69,106,126,103,42,33,16,30,26,18,99,14,28,23,115,94,78,11,86,80,102,76,93,88,109,97,67,62,47,24,112,31,35,83,118,110,122,100,81,56,8,55,64,51,74,73,98,72,91,37,105,52,119,57,48,71,90,5,101,9,13,95,66,12,_G477950]
  011		 6206.6200159962		[77,120,125,29,58,89,124,84,65,27,114,82,2,113,107,7,17,20,32,92,36,21,39,46,22,121,54,59,50,41,43,3,19,45,79,117,34,53,1,49,129,0,40,70,38,116,111,61,104,127,15,44,4,10,75,108,60,128,123,63,68,85,87,25,6,96,69,106,126,103,42,33,16,30,26,18,99,14,28,23,115,94,78,11,86,80,102,76,93,88,109,97,67,62,47,24,112,31,35,83,118,110,122,100,81,56,8,55,64,51,74,73,98,72,91,37,105,52,119,57,48,71,90,5,101,9,13,95,66,12,_G478811]
  012		 6206.6200159962		[77,120,125,29,58,89,124,84,65,27,114,82,2,113,107,7,17,20,32,92,36,21,39,46,22,121,54,59,50,41,43,3,19,45,79,117,34,53,1,49,129,0,40,70,38,116,111,61,104,127,15,44,4,10,75,108,60,128,123,63,68,85,87,25,6,96,69,106,126,103,42,33,16,30,26,18,99,14,28,23,115,94,78,11,86,80,102,76,93,88,109,97,67,62,47,24,112,31,35,83,118,110,122,100,81,56,8,55,64,51,74,73,98,72,91,37,105,52,119,57,48,71,90,5,101,9,13,95,66,12,_G477950]
  013		 6206.6200159962		[62,67,97,109,88,93,76,102,80,86,11,78,94,115,23,28,14,99,18,26,30,16,33,42,103,126,106,69,96,6,25,87,85,68,63,123,128,60,108,75,10,4,44,15,127,104,61,111,116,38,70,40,0,129,49,1,53,34,117,79,45,19,3,43,41,50,59,54,121,22,46,39,21,36,92,32,20,17,7,107,113,2,82,114,27,65,84,124,89,58,29,125,120,77,12,66,95,13,9,101,5,90,71,48,57,119,52,105,37,91,72,98,73,74,51,64,55,8,56,81,100,122,110,118,83,35,31,112,24,47|_G479223]
  014		 6206.6200159962		[77,120,125,29,58,89,124,84,65,27,114,82,2,113,107,7,17,20,32,92,36,21,39,46,22,121,54,59,50,41,43,3,19,45,79,117,34,53,1,49,129,0,40,70,38,116,111,61,104,127,15,44,4,10,75,108,60,128,123,63,68,85,87,25,6,96,69,106,126,103,42,33,16,30,26,18,99,14,28,23,115,94,78,11,86,80,102,76,93,88,109,97,67,62,47,24,112,31,35,83,118,110,122,100,81,56,8,55,64,51,74,73,98,72,91,37,105,52,119,57,48,71,90,5,101,9,13,95,66,12,_G477950]
  015		 6206.6200159962		[77,120,125,29,58,89,124,84,65,27,114,82,2,113,107,7,17,20,32,92,36,21,39,46,22,121,54,59,50,41,43,3,19,45,79,117,34,53,1,49,129,0,40,70,38,116,111,61,104,127,15,44,4,10,75,108,60,128,123,63,68,85,87,25,6,96,69,106,126,103,42,33,16,30,26,18,99,14,28,23,115,94,78,11,86,80,102,76,93,88,109,97,67,62,47,24,112,31,35,83,118,110,122,100,81,56,8,55,64,51,74,73,98,72,91,37,105,52,119,57,48,71,90,5,101,9,13,95,66,12,_G477950]
  016		 6206.6200159962		[77,120,125,29,58,89,124,84,65,27,114,82,2,113,107,7,17,20,32,92,36,21,39,46,22,121,54,59,50,41,43,3,19,45,79,117,34,53,1,49,129,0,40,70,38,116,111,61,104,127,15,44,4,10,75,108,60,128,123,63,68,85,87,25,6,96,69,106,126,103,42,33,16,30,26,18,99,14,28,23,115,94,78,11,86,80,102,76,93,88,109,97,67,62,47,24,112,31,35,83,118,110,122,100,81,56,8,55,64,51,74,73,98,72,91,37,105,52,119,57,48,71,90,5,101,9,13,95,66,12,_G477950]
  017		 6206.6200159962		[77,120,125,29,58,89,124,84,65,27,114,82,2,113,107,7,17,20,32,92,36,21,39,46,22,121,54,59,50,41,43,3,19,45,79,117,34,53,1,49,129,0,40,70,38,116,111,61,104,127,15,44,4,10,75,108,60,128,123,63,68,85,87,25,6,96,69,106,126,103,42,33,16,30,26,18,99,14,28,23,115,94,78,11,86,80,102,76,93,88,109,97,67,62,47,24,112,31,35,83,118,110,122,100,81,56,8,55,64,51,74,73,98,72,91,37,105,52,119,57,48,71,90,5,101,9,13,95,66,12,_G477950]
  018		 6206.6200159962		[77,120,125,29,58,89,124,84,65,27,114,82,2,113,107,7,17,20,32,92,36,21,39,46,22,121,54,59,50,41,43,3,19,45,79,117,34,53,1,49,129,0,40,70,38,116,111,61,104,127,15,44,4,10,75,108,60,128,123,63,68,85,87,25,6,96,69,106,126,103,42,33,16,30,26,18,99,14,28,23,115,94,78,11,86,80,102,76,93,88,109,97,67,62,47,24,112,31,35,83,118,110,122,100,81,56,8,55,64,51,74,73,98,72,91,37,105,52,119,57,48,71,90,5,101,9,13,95,66,12,_G479672]
  019		 6206.6200159962		[77,120,125,29,58,89,124,84,65,27,114,82,2,113,107,7,17,20,32,92,36,21,39,46,22,121,54,59,50,41,43,3,19,45,79,117,34,53,1,49,129,0,40,70,38,116,111,61,104,127,15,44,4,10,75,108,60,128,123,63,68,85,87,25,6,96,69,106,126,103,42,33,16,30,26,18,99,14,28,23,115,94,78,11,86,80,102,76,93,88,109,97,67,62,47,24,112,31,35,83,118,110,122,100,81,56,8,55,64,51,74,73,98,72,91,37,105,52,119,57,48,71,90,5,101,9,13,95,66,12,_G477950]
  020		 6206.6200159962		[77,120,125,29,58,89,124,84,65,27,114,82,2,113,107,7,17,20,32,92,36,21,39,46,22,121,54,59,50,41,43,3,19,45,79,117,34,53,1,49,129,0,40,70,38,116,111,61,104,127,15,44,4,10,75,108,60,128,123,63,68,85,87,25,6,96,69,106,126,103,42,33,16,30,26,18,99,14,28,23,115,94,78,11,86,80,102,76,93,88,109,97,67,62,47,24,112,31,35,83,118,110,122,100,81,56,8,55,64,51,74,73,98,72,91,37,105,52,119,57,48,71,90,5,101,9,13,95,66,12,_G477950]
  021		 6206.6200159962		[80,86,11,78,94,115,23,28,14,99,18,26,30,16,33,42,103,126,106,69,96,6,25,87,85,68,63,123,128,60,108,75,10,4,44,15,127,104,61,111,116,38,70,40,0,129,49,1,53,34,117,79,45,19,3,43,41,50,59,54,121,22,46,39,21,36,92,32,20,17,7,107,113,2,82,114,27,65,84,124,89,58,29,125,120,77,12,66,95,13,9,101,5,90,71,48,57,119,52,105,37,91,72,98,73,74,51,64,55,8,56,81,100,122,110,118,83,35,31,112,24,47,62,67,97,109,88,93,76,102,_G480098]
  022		 6206.6200159962		[33,16,30,26,18,99,14,28,23,115,94,78,11,86,80,102,76,93,88,109,97,67,62,47,24,112,31,35,83,118,110,122,100,81,56,8,55,64,51,74,73,98,72,91,37,105,52,119,57,48,71,90,5,101,9,13,95,66,12,77,120,125,29,58,89,124,84,65,27,114,82,2,113,107,7,17,20,32,92,36,21,39,46,22,121,54,59,50,41,43,3,19,45,79,117,34,53,1,49,129,0,40,70,38,116,111,61,104,127,15,44,4,10,75,108,60,128,123,63,68,85,87,25,6,96,69,106,126,103,42,_G480500]
  023		 6206.6200159962		[118,83,35,31,112,24,47,62,67,97,109,88,93,76,102,80,86,11,78,94,115,23,28,14,99,18,26,30,16,33,42,103,126,106,69,96,6,25,87,85,68,63,123,128,60,108,75,10,4,44,15,127,104,61,111,116,38,70,40,0,129,49,1,53,34,117,79,45,19,3,43,41,50,59,54,121,22,46,39,21,36,92,32,20,17,7,107,113,2,82,114,27,65,84,124,89,58,29,125,120,77,12,66,95,13,9,101,5,90,71,48,57,119,52,105,37,91,72,98,73,74,51,64,55,8,56,81,100,122,110|_G480900]
  024		 6206.6200159962		[72,98,73,74,51,64,55,8,56,81,100,122,110,118,83,35,31,112,24,47,62,67,97,109,88,93,76,102,80,86,11,78,94,115,23,28,14,99,18,26,30,16,33,42,103,126,106,69,96,6,25,87,85,68,63,123,128,60,108,75,10,4,44,15,127,104,61,111,116,38,70,40,0,129,49,1,53,34,117,79,45,19,3,43,41,50,59,54,121,22,46,39,21,36,92,32,20,17,7,107,113,2,82,114,27,65,84,124,89,58,29,125,120,77,12,66,95,13,9,101,5,90,71,48,57,119,52,105,37,91,_G481301]
  025		 6206.6200159962		[9,13,95,66,12,77,120,125,29,58,89,124,84,65,27,114,82,2,113,107,7,17,20,32,92,36,21,39,46,22,121,54,59,50,41,43,3,19,45,79,117,34,53,1,49,129,0,40,70,38,116,111,61,104,127,15,44,4,10,75,108,60,128,123,63,68,85,87,25,6,96,69,106,126,103,42,33,16,30,26,18,99,14,28,23,115,94,78,11,86,80,102,76,93,88,109,97,67,62,47,24,112,31,35,83,118,110,122,100,81,56,8,55,64,51,74,73,98,72,91,37,105,52,119,57,48,71,90,5,101,_G481703]
  026		 6206.6200159962		[9,13,95,66,12,77,120,125,29,58,89,124,84,65,27,114,82,2,113,107,7,17,20,32,92,36,21,39,46,22,121,54,59,50,41,43,3,19,45,79,117,34,53,1,49,129,0,40,70,38,116,111,61,104,127,15,44,4,10,75,108,60,128,123,63,68,85,87,25,6,96,69,106,126,103,42,33,16,30,26,18,99,14,28,23,115,94,78,11,86,80,102,76,93,88,109,97,67,62,47,24,112,31,35,83,118,110,122,100,81,56,8,55,64,51,74,73,98,72,91,37,105,52,119,57,48,71,90,5,101,_G481703]
  027		 6206.6200159962		[9,13,95,66,12,77,120,125,29,58,89,124,84,65,27,114,82,2,113,107,7,17,20,32,92,36,21,39,46,22,121,54,59,50,41,43,3,19,45,79,117,34,53,1,49,129,0,40,70,38,116,111,61,104,127,15,44,4,10,75,108,60,128,123,63,68,85,87,25,6,96,69,106,126,103,42,33,16,30,26,18,99,14,28,23,115,94,78,11,86,80,102,76,93,88,109,97,67,62,47,24,112,31,35,83,118,110,122,100,81,56,8,55,64,51,74,73,98,72,91,37,105,52,119,57,48,71,90,5,101,_G482117]
  028		 6206.6200159962		[9,13,95,66,12,77,120,125,29,58,89,124,84,65,27,114,82,2,113,107,7,17,20,32,92,36,21,39,46,22,121,54,59,50,41,43,3,19,45,79,117,34,53,1,49,129,0,40,70,38,116,111,61,104,127,15,44,4,10,75,108,60,128,123,63,68,85,87,25,6,96,69,106,126,103,42,33,16,30,26,18,99,14,28,23,115,94,78,11,86,80,102,76,93,88,109,97,67,62,47,24,112,31,35,83,118,110,122,100,81,56,8,55,64,51,74,73,98,72,91,37,105,52,119,57,48,71,90,5,101,_G481703]
  029		 6206.6200159962		[9,13,95,66,12,77,120,125,29,58,89,124,84,65,27,114,82,2,113,107,7,17,20,32,92,36,21,39,46,22,121,54,59,50,41,43,3,19,45,79,117,34,53,1,49,129,0,40,70,38,116,111,61,104,127,15,44,4,10,75,108,60,128,123,63,68,85,87,25,6,96,69,106,126,103,42,33,16,30,26,18,99,14,28,23,115,94,78,11,86,80,102,76,93,88,109,97,67,62,47,24,112,31,35,83,118,110,122,100,81,56,8,55,64,51,74,73,98,72,91,37,105,52,119,57,48,71,90,5,101,_G481703]
  030		 6206.6200159962		[9,13,95,66,12,77,120,125,29,58,89,124,84,65,27,114,82,2,113,107,7,17,20,32,92,36,21,39,46,22,121,54,59,50,41,43,3,19,45,79,117,34,53,1,49,129,0,40,70,38,116,111,61,104,127,15,44,4,10,75,108,60,128,123,63,68,85,87,25,6,96,69,106,126,103,42,33,16,30,26,18,99,14,28,23,115,94,78,11,86,80,102,76,93,88,109,97,67,62,47,24,112,31,35,83,118,110,122,100,81,56,8,55,64,51,74,73,98,72,91,37,105,52,119,57,48,71,90,5,101,_G481703]
  031		 6206.6200159962		[9,13,95,66,12,77,120,125,29,58,89,124,84,65,27,114,82,2,113,107,7,17,20,32,92,36,21,39,46,22,121,54,59,50,41,43,3,19,45,79,117,34,53,1,49,129,0,40,70,38,116,111,61,104,127,15,44,4,10,75,108,60,128,123,63,68,85,87,25,6,96,69,106,126,103,42,33,16,30,26,18,99,14,28,23,115,94,78,11,86,80,102,76,93,88,109,97,67,62,47,24,112,31,35,83,118,110,122,100,81,56,8,55,64,51,74,73,98,72,91,37,105,52,119,57,48,71,90,5,101,_G481703]
  032		 6206.6200159962		[9,13,95,66,12,77,120,125,29,58,89,124,84,65,27,114,82,2,113,107,7,17,20,32,92,36,21,39,46,22,121,54,59,50,41,43,3,19,45,79,117,34,53,1,49,129,0,40,70,38,116,111,61,104,127,15,44,4,10,75,108,60,128,123,63,68,85,87,25,6,96,69,106,126,103,42,33,16,30,26,18,99,14,28,23,115,94,78,11,86,80,102,76,93,88,109,97,67,62,47,24,112,31,35,83,118,110,122,100,81,56,8,55,64,51,74,73,98,72,91,37,105,52,119,57,48,71,90,5,101,_G481703]
  033		 6206.6200159962		[118,83,35,31,112,24,47,62,67,97,109,88,93,76,102,80,86,11,78,94,115,23,28,14,99,18,26,30,16,33,42,103,126,106,69,96,6,25,87,85,68,63,123,128,60,108,75,10,4,44,15,127,104,61,111,116,38,70,40,0,129,49,1,53,34,117,79,45,19,3,43,41,50,59,54,121,22,46,39,21,36,92,32,20,17,7,107,113,2,82,114,27,65,84,124,89,58,29,125,120,77,12,66,95,13,9,101,5,90,71,48,57,119,52,105,37,91,72,98,73,74,51,64,55,8,56,81,100,122,110,_G482579]
  034		 6206.6200159962		[20,32,92,36,21,39,46,22,121,54,59,50,41,43,3,19,45,79,117,34,53,1,49,129,0,40,70,38,116,111,61,104,127,15,44,4,10,75,108,60,128,123,63,68,85,87,25,6,96,69,106,126,103,42,33,16,30,26,18,99,14,28,23,115,94,78,11,86,80,102,76,93,88,109,97,67,62,47,24,112,31,35,83,118,110,122,100,81,56,8,55,64,51,74,73,98,72,91,37,105,52,119,57,48,71,90,5,101,9,13,95,66,12,77,120,125,29,58,89,124,84,65,27,114,82,2,113,107,7,17,_G482981]
  035		 6206.6200159962		[2,113,107,7,17,20,32,92,36,21,39,46,22,121,54,59,50,41,43,3,19,45,79,117,34,53,1,49,129,0,40,70,38,116,111,61,104,127,15,44,4,10,75,108,60,128,123,63,68,85,87,25,6,96,69,106,126,103,42,33,16,30,26,18,99,14,28,23,115,94,78,11,86,80,102,76,93,88,109,97,67,62,47,24,112,31,35,83,118,110,122,100,81,56,8,55,64,51,74,73,98,72,91,37,105,52,119,57,48,71,90,5,101,9,13,95,66,12,77,120,125,29,58,89,124,84,65,27,114,82,_G483383]
  036		 6206.6200159962		[64,55,8,56,81,100,122,110,118,83,35,31,112,24,47,62,67,97,109,88,93,76,102,80,86,11,78,94,115,23,28,14,99,18,26,30,16,33,42,103,126,106,69,96,6,25,87,85,68,63,123,128,60,108,75,10,4,44,15,127,104,61,111,116,38,70,40,0,129,49,1,53,34,117,79,45,19,3,43,41,50,59,54,121,22,46,39,21,36,92,32,20,17,7,107,113,2,82,114,27,65,84,124,89,58,29,125,120,77,12,66,95,13,9,101,5,90,71,48,57,119,52,105,37,91,72,98,73,74,51,_G483785]
  037		 6206.6200159962		[43,41,50,59,54,121,22,46,39,21,36,92,32,20,17,7,107,113,2,82,114,27,65,84,124,89,58,29,125,120,77,12,66,95,13,9,101,5,90,71,48,57,119,52,105,37,91,72,98,73,74,51,64,55,8,56,81,100,122,110,118,83,35,31,112,24,47,62,67,97,109,88,93,76,102,80,86,11,78,94,115,23,28,14,99,18,26,30,16,33,42,103,126,106,69,96,6,25,87,85,68,63,123,128,60,108,75,10,4,44,15,127,104,61,111,116,38,70,40,0,129,49,1,53,34,117,79,45,19,3,_G484187]
  038		 6206.6200159962		[75,108,60,128,123,63,68,85,87,25,6,96,69,106,126,103,42,33,16,30,26,18,99,14,28,23,115,94,78,11,86,80,102,76,93,88,109,97,67,62,47,24,112,31,35,83,118,110,122,100,81,56,8,55,64,51,74,73,98,72,91,37,105,52,119,57,48,71,90,5,101,9,13,95,66,12,77,120,125,29,58,89,124,84,65,27,114,82,2,113,107,7,17,20,32,92,36,21,39,46,22,121,54,59,50,41,43,3,19,45,79,117,34,53,1,49,129,0,40,70,38,116,111,61,104,127,15,44,4,10,_G484589]
  039		 6206.6200159962		[56,8,55,64,51,74,73,98,72,91,37,105,52,119,57,48,71,90,5,101,9,13,95,66,12,77,120,125,29,58,89,124,84,65,27,114,82,2,113,107,7,17,20,32,92,36,21,39,46,22,121,54,59,50,41,43,3,19,45,79,117,34,53,1,49,129,0,40,70,38,116,111,61,104,127,15,44,4,10,75,108,60,128,123,63,68,85,87,25,6,96,69,106,126,103,42,33,16,30,26,18,99,14,28,23,115,94,78,11,86,80,102,76,93,88,109,97,67,62,47,24,112,31,35,83,118,110,122,100,81,_G484991]
  040		 6206.6200159962		[1,49,129,0,40,70,38,116,111,61,104,127,15,44,4,10,75,108,60,128,123,63,68,85,87,25,6,96,69,106,126,103,42,33,16,30,26,18,99,14,28,23,115,94,78,11,86,80,102,76,93,88,109,97,67,62,47,24,112,31,35,83,118,110,122,100,81,56,8,55,64,51,74,73,98,72,91,37,105,52,119,57,48,71,90,5,101,9,13,95,66,12,77,120,125,29,58,89,124,84,65,27,114,82,2,113,107,7,17,20,32,92,36,21,39,46,22,121,54,59,50,41,43,3,19,45,79,117,34,53,_G485393]
  041		 6206.6200159962		[56,8,55,64,51,74,73,98,72,91,37,105,52,119,57,48,71,90,5,101,9,13,95,66,12,77,120,125,29,58,89,124,84,65,27,114,82,2,113,107,7,17,20,32,92,36,21,39,46,22,121,54,59,50,41,43,3,19,45,79,117,34,53,1,49,129,0,40,70,38,116,111,61,104,127,15,44,4,10,75,108,60,128,123,63,68,85,87,25,6,96,69,106,126,103,42,33,16,30,26,18,99,14,28,23,115,94,78,11,86,80,102,76,93,88,109,97,67,62,47,24,112,31,35,83,118,110,122,100,81,_G485795]
  042		 6206.6200159962		[75,108,60,128,123,63,68,85,87,25,6,96,69,106,126,103,42,33,16,30,26,18,99,14,28,23,115,94,78,11,86,80,102,76,93,88,109,97,67,62,47,24,112,31,35,83,118,110,122,100,81,56,8,55,64,51,74,73,98,72,91,37,105,52,119,57,48,71,90,5,101,9,13,95,66,12,77,120,125,29,58,89,124,84,65,27,114,82,2,113,107,7,17,20,32,92,36,21,39,46,22,121,54,59,50,41,43,3,19,45,79,117,34,53,1,49,129,0,40,70,38,116,111,61,104,127,15,44,4,10,_G486197]
  043		 6206.6200159962		[1,49,129,0,40,70,38,116,111,61,104,127,15,44,4,10,75,108,60,128,123,63,68,85,87,25,6,96,69,106,126,103,42,33,16,30,26,18,99,14,28,23,115,94,78,11,86,80,102,76,93,88,109,97,67,62,47,24,112,31,35,83,118,110,122,100,81,56,8,55,64,51,74,73,98,72,91,37,105,52,119,57,48,71,90,5,101,9,13,95,66,12,77,120,125,29,58,89,124,84,65,27,114,82,2,113,107,7,17,20,32,92,36,21,39,46,22,121,54,59,50,41,43,3,19,45,79,117,34,53|_G486597]
  044		 6206.6200159962		[81,56,8,55,64,51,74,73,98,72,91,37,105,52,119,57,48,71,90,5,101,9,13,95,66,12,77,120,125,29,58,89,124,84,65,27,114,82,2,113,107,7,17,20,32,92,36,21,39,46,22,121,54,59,50,41,43,3,19,45,79,117,34,53,1,49,129,0,40,70,38,116,111,61,104,127,15,44,4,10,75,108,60,128,123,63,68,85,87,25,6,96,69,106,126,103,42,33,16,30,26,18,99,14,28,23,115,94,78,11,86,80,102,76,93,88,109,97,67,62,47,24,112,31,35,83,118,110,122,100,_G486998]
  045		 6206.6200159962		[14,28,23,115,94,78,11,86,80,102,76,93,88,109,97,67,62,47,24,112,31,35,83,118,110,122,100,81,56,8,55,64,51,74,73,98,72,91,37,105,52,119,57,48,71,90,5,101,9,13,95,66,12,77,120,125,29,58,89,124,84,65,27,114,82,2,113,107,7,17,20,32,92,36,21,39,46,22,121,54,59,50,41,43,3,19,45,79,117,34,53,1,49,129,0,40,70,38,116,111,61,104,127,15,44,4,10,75,108,60,128,123,63,68,85,87,25,6,96,69,106,126,103,42,33,16,30,26,18,99,_G487400]
  046		 6206.6200159962		[75,108,60,128,123,63,68,85,87,25,6,96,69,106,126,103,42,33,16,30,26,18,99,14,28,23,115,94,78,11,86,80,102,76,93,88,109,97,67,62,47,24,112,31,35,83,118,110,122,100,81,56,8,55,64,51,74,73,98,72,91,37,105,52,119,57,48,71,90,5,101,9,13,95,66,12,77,120,125,29,58,89,124,84,65,27,114,82,2,113,107,7,17,20,32,92,36,21,39,46,22,121,54,59,50,41,43,3,19,45,79,117,34,53,1,49,129,0,40,70,38,116,111,61,104,127,15,44,4,10,_G487802]
  047		 6206.6200159962		[1,49,129,0,40,70,38,116,111,61,104,127,15,44,4,10,75,108,60,128,123,63,68,85,87,25,6,96,69,106,126,103,42,33,16,30,26,18,99,14,28,23,115,94,78,11,86,80,102,76,93,88,109,97,67,62,47,24,112,31,35,83,118,110,122,100,81,56,8,55,64,51,74,73,98,72,91,37,105,52,119,57,48,71,90,5,101,9,13,95,66,12,77,120,125,29,58,89,124,84,65,27,114,82,2,113,107,7,17,20,32,92,36,21,39,46,22,121,54,59,50,41,43,3,19,45,79,117,34,53,_G488204]
  048		 6206.6200159962		[1,49,129,0,40,70,38,116,111,61,104,127,15,44,4,10,75,108,60,128,123,63,68,85,87,25,6,96,69,106,126,103,42,33,16,30,26,18,99,14,28,23,115,94,78,11,86,80,102,76,93,88,109,97,67,62,47,24,112,31,35,83,118,110,122,100,81,56,8,55,64,51,74,73,98,72,91,37,105,52,119,57,48,71,90,5,101,9,13,95,66,12,77,120,125,29,58,89,124,84,65,27,114,82,2,113,107,7,17,20,32,92,36,21,39,46,22,121,54,59,50,41,43,3,19,45,79,117,34,53,_G488606]
  049		 6206.6200159962		[81,56,8,55,64,51,74,73,98,72,91,37,105,52,119,57,48,71,90,5,101,9,13,95,66,12,77,120,125,29,58,89,124,84,65,27,114,82,2,113,107,7,17,20,32,92,36,21,39,46,22,121,54,59,50,41,43,3,19,45,79,117,34,53,1,49,129,0,40,70,38,116,111,61,104,127,15,44,4,10,75,108,60,128,123,63,68,85,87,25,6,96,69,106,126,103,42,33,16,30,26,18,99,14,28,23,115,94,78,11,86,80,102,76,93,88,109,97,67,62,47,24,112,31,35,83,118,110,122,100,_G489008]
  050		 6206.6200159962		[1,49,129,0,40,70,38,116,111,61,104,127,15,44,4,10,75,108,60,128,123,63,68,85,87,25,6,96,69,106,126,103,42,33,16,30,26,18,99,14,28,23,115,94,78,11,86,80,102,76,93,88,109,97,67,62,47,24,112,31,35,83,118,110,122,100,81,56,8,55,64,51,74,73,98,72,91,37,105,52,119,57,48,71,90,5,101,9,13,95,66,12,77,120,125,29,58,89,124,84,65,27,114,82,2,113,107,7,17,20,32,92,36,21,39,46,22,121,54,59,50,41,43,3,19,45,79,117,34,53,_G489410]
  051		 6206.6200159962		[1,49,129,0,40,70,38,116,111,61,104,127,15,44,4,10,75,108,60,128,123,63,68,85,87,25,6,96,69,106,126,103,42,33,16,30,26,18,99,14,28,23,115,94,78,11,86,80,102,76,93,88,109,97,67,62,47,24,112,31,35,83,118,110,122,100,81,56,8,55,64,51,74,73,98,72,91,37,105,52,119,57,48,71,90,5,101,9,13,95,66,12,77,120,125,29,58,89,124,84,65,27,114,82,2,113,107,7,17,20,32,92,36,21,39,46,22,121,54,59,50,41,43,3,19,45,79,117,34,53,_G489812]
  052		 6206.6200159962		[56,8,55,64,51,74,73,98,72,91,37,105,52,119,57,48,71,90,5,101,9,13,95,66,12,77,120,125,29,58,89,124,84,65,27,114,82,2,113,107,7,17,20,32,92,36,21,39,46,22,121,54,59,50,41,43,3,19,45,79,117,34,53,1,49,129,0,40,70,38,116,111,61,104,127,15,44,4,10,75,108,60,128,123,63,68,85,87,25,6,96,69,106,126,103,42,33,16,30,26,18,99,14,28,23,115,94,78,11,86,80,102,76,93,88,109,97,67,62,47,24,112,31,35,83,118,110,122,100,81,_G490214]
  053		 6206.6200159962		[75,108,60,128,123,63,68,85,87,25,6,96,69,106,126,103,42,33,16,30,26,18,99,14,28,23,115,94,78,11,86,80,102,76,93,88,109,97,67,62,47,24,112,31,35,83,118,110,122,100,81,56,8,55,64,51,74,73,98,72,91,37,105,52,119,57,48,71,90,5,101,9,13,95,66,12,77,120,125,29,58,89,124,84,65,27,114,82,2,113,107,7,17,20,32,92,36,21,39,46,22,121,54,59,50,41,43,3,19,45,79,117,34,53,1,49,129,0,40,70,38,116,111,61,104,127,15,44,4,10,_G490616]
  054		 6206.6200159962		[56,8,55,64,51,74,73,98,72,91,37,105,52,119,57,48,71,90,5,101,9,13,95,66,12,77,120,125,29,58,89,124,84,65,27,114,82,2,113,107,7,17,20,32,92,36,21,39,46,22,121,54,59,50,41,43,3,19,45,79,117,34,53,1,49,129,0,40,70,38,116,111,61,104,127,15,44,4,10,75,108,60,128,123,63,68,85,87,25,6,96,69,106,126,103,42,33,16,30,26,18,99,14,28,23,115,94,78,11,86,80,102,76,93,88,109,97,67,62,47,24,112,31,35,83,118,110,122,100,81|_G491016]
  055		 6206.6200159962		[3,19,45,79,117,34,53,1,49,129,0,40,70,38,116,111,61,104,127,15,44,4,10,75,108,60,128,123,63,68,85,87,25,6,96,69,106,126,103,42,33,16,30,26,18,99,14,28,23,115,94,78,11,86,80,102,76,93,88,109,97,67,62,47,24,112,31,35,83,118,110,122,100,81,56,8,55,64,51,74,73,98,72,91,37,105,52,119,57,48,71,90,5,101,9,13,95,66,12,77,120,125,29,58,89,124,84,65,27,114,82,2,113,107,7,17,20,32,92,36,21,39,46,22,121,54,59,50,41,43,_G491417]
  056		 6206.6200159962		[3,19,45,79,117,34,53,1,49,129,0,40,70,38,116,111,61,104,127,15,44,4,10,75,108,60,128,123,63,68,85,87,25,6,96,69,106,126,103,42,33,16,30,26,18,99,14,28,23,115,94,78,11,86,80,102,76,93,88,109,97,67,62,47,24,112,31,35,83,118,110,122,100,81,56,8,55,64,51,74,73,98,72,91,37,105,52,119,57,48,71,90,5,101,9,13,95,66,12,77,120,125,29,58,89,124,84,65,27,114,82,2,113,107,7,17,20,32,92,36,21,39,46,22,121,54,59,50,41,43,_G491819]
  057		 6206.6200159962		[40,70,38,116,111,61,104,127,15,44,4,10,75,108,60,128,123,63,68,85,87,25,6,96,69,106,126,103,42,33,16,30,26,18,99,14,28,23,115,94,78,11,86,80,102,76,93,88,109,97,67,62,47,24,112,31,35,83,118,110,122,100,81,56,8,55,64,51,74,73,98,72,91,37,105,52,119,57,48,71,90,5,101,9,13,95,66,12,77,120,125,29,58,89,124,84,65,27,114,82,2,113,107,7,17,20,32,92,36,21,39,46,22,121,54,59,50,41,43,3,19,45,79,117,34,53,1,49,129,0,_G492221]
  058		 6206.6200159962		[110,122,100,81,56,8,55,64,51,74,73,98,72,91,37,105,52,119,57,48,71,90,5,101,9,13,95,66,12,77,120,125,29,58,89,124,84,65,27,114,82,2,113,107,7,17,20,32,92,36,21,39,46,22,121,54,59,50,41,43,3,19,45,79,117,34,53,1,49,129,0,40,70,38,116,111,61,104,127,15,44,4,10,75,108,60,128,123,63,68,85,87,25,6,96,69,106,126,103,42,33,16,30,26,18,99,14,28,23,115,94,78,11,86,80,102,76,93,88,109,97,67,62,47,24,112,31,35,83,118,_G492623]
  059		 6206.6200159962		[19,45,79,117,34,53,1,49,129,0,40,70,38,116,111,61,104,127,15,44,4,10,75,108,60,128,123,63,68,85,87,25,6,96,69,106,126,103,42,33,16,30,26,18,99,14,28,23,115,94,78,11,86,80,102,76,93,88,109,97,67,62,47,24,112,31,35,83,118,110,122,100,81,56,8,55,64,51,74,73,98,72,91,37,105,52,119,57,48,71,90,5,101,9,13,95,66,12,77,120,125,29,58,89,124,84,65,27,114,82,2,113,107,7,17,20,32,92,36,21,39,46,22,121,54,59,50,41,43,3,_G493025]
  060		 6206.6200159962		[128,123,63,68,85,87,25,6,96,69,106,126,103,42,33,16,30,26,18,99,14,28,23,115,94,78,11,86,80,102,76,93,88,109,97,67,62,47,24,112,31,35,83,118,110,122,100,81,56,8,55,64,51,74,73,98,72,91,37,105,52,119,57,48,71,90,5,101,9,13,95,66,12,77,120,125,29,58,89,124,84,65,27,114,82,2,113,107,7,17,20,32,92,36,21,39,46,22,121,54,59,50,41,43,3,19,45,79,117,34,53,1,49,129,0,40,70,38,116,111,61,104,127,15,44,4,10,75,108,60,_G493427]
  061		 6206.6200159962		[40,70,38,116,111,61,104,127,15,44,4,10,75,108,60,128,123,63,68,85,87,25,6,96,69,106,126,103,42,33,16,30,26,18,99,14,28,23,115,94,78,11,86,80,102,76,93,88,109,97,67,62,47,24,112,31,35,83,118,110,122,100,81,56,8,55,64,51,74,73,98,72,91,37,105,52,119,57,48,71,90,5,101,9,13,95,66,12,77,120,125,29,58,89,124,84,65,27,114,82,2,113,107,7,17,20,32,92,36,21,39,46,22,121,54,59,50,41,43,3,19,45,79,117,34,53,1,49,129,0,_G493829]
  062		 6206.6200159962		[128,123,63,68,85,87,25,6,96,69,106,126,103,42,33,16,30,26,18,99,14,28,23,115,94,78,11,86,80,102,76,93,88,109,97,67,62,47,24,112,31,35,83,118,110,122,100,81,56,8,55,64,51,74,73,98,72,91,37,105,52,119,57,48,71,90,5,101,9,13,95,66,12,77,120,125,29,58,89,124,84,65,27,114,82,2,113,107,7,17,20,32,92,36,21,39,46,22,121,54,59,50,41,43,3,19,45,79,117,34,53,1,49,129,0,40,70,38,116,111,61,104,127,15,44,4,10,75,108,60,_G494231]
  063		 6206.6200159962		[48,57,119,52,105,37,91,72,98,73,74,51,64,55,8,56,81,100,122,110,118,83,35,31,112,24,47,62,67,97,109,88,93,76,102,80,86,11,78,94,115,23,28,14,99,18,26,30,16,33,42,103,126,106,69,96,6,25,87,85,68,63,123,128,60,108,75,10,4,44,15,127,104,61,111,116,38,70,40,0,129,49,1,53,34,117,79,45,19,3,43,41,50,59,54,121,22,46,39,21,36,92,32,20,17,7,107,113,2,82,114,27,65,84,124,89,58,29,125,120,77,12,66,95,13,9,101,5,90,71,_G494633]
  064		 6206.6200159962		[128,123,63,68,85,87,25,6,96,69,106,126,103,42,33,16,30,26,18,99,14,28,23,115,94,78,11,86,80,102,76,93,88,109,97,67,62,47,24,112,31,35,83,118,110,122,100,81,56,8,55,64,51,74,73,98,72,91,37,105,52,119,57,48,71,90,5,101,9,13,95,66,12,77,120,125,29,58,89,124,84,65,27,114,82,2,113,107,7,17,20,32,92,36,21,39,46,22,121,54,59,50,41,43,3,19,45,79,117,34,53,1,49,129,0,40,70,38,116,111,61,104,127,15,44,4,10,75,108,60|_G495033]
  065		 6206.6200159962		[3,19,45,79,117,34,53,1,49,129,0,40,70,38,116,111,61,104,127,15,44,4,10,75,108,60,128,123,63,68,85,87,25,6,96,69,106,126,103,42,33,16,30,26,18,99,14,28,23,115,94,78,11,86,80,102,76,93,88,109,97,67,62,47,24,112,31,35,83,118,110,122,100,81,56,8,55,64,51,74,73,98,72,91,37,105,52,119,57,48,71,90,5,101,9,13,95,66,12,77,120,125,29,58,89,124,84,65,27,114,82,2,113,107,7,17,20,32,92,36,21,39,46,22,121,54,59,50,41,43|_G495432]
  066		 6206.6200159962		[10,4,44,15,127,104,61,111,116,38,70,40,0,129,49,1,53,34,117,79,45,19,3,43,41,50,59,54,121,22,46,39,21,36,92,32,20,17,7,107,113,2,82,114,27,65,84,124,89,58,29,125,120,77,12,66,95,13,9,101,5,90,71,48,57,119,52,105,37,91,72,98,73,74,51,64,55,8,56,81,100,122,110,118,83,35,31,112,24,47,62,67,97,109,88,93,76,102,80,86,11,78,94,115,23,28,14,99,18,26,30,16,33,42,103,126,106,69,96,6,25,87,85,68,63,123,128,60,108,75|_G495831]
  067		 6206.6200159962		[3,19,45,79,117,34,53,1,49,129,0,40,70,38,116,111,61,104,127,15,44,4,10,75,108,60,128,123,63,68,85,87,25,6,96,69,106,126,103,42,33,16,30,26,18,99,14,28,23,115,94,78,11,86,80,102,76,93,88,109,97,67,62,47,24,112,31,35,83,118,110,122,100,81,56,8,55,64,51,74,73,98,72,91,37,105,52,119,57,48,71,90,5,101,9,13,95,66,12,77,120,125,29,58,89,124,84,65,27,114,82,2,113,107,7,17,20,32,92,36,21,39,46,22,121,54,59,50,41,43,_G491819]
  068		 6206.6200159962		[3,19,45,79,117,34,53,1,49,129,0,40,70,38,116,111,61,104,127,15,44,4,10,75,108,60,128,123,63,68,85,87,25,6,96,69,106,126,103,42,33,16,30,26,18,99,14,28,23,115,94,78,11,86,80,102,76,93,88,109,97,67,62,47,24,112,31,35,83,118,110,122,100,81,56,8,55,64,51,74,73,98,72,91,37,105,52,119,57,48,71,90,5,101,9,13,95,66,12,77,120,125,29,58,89,124,84,65,27,114,82,2,113,107,7,17,20,32,92,36,21,39,46,22,121,54,59,50,41,43,_G491819]
  069		 6206.6200159962		[3,19,45,79,117,34,53,1,49,129,0,40,70,38,116,111,61,104,127,15,44,4,10,75,108,60,128,123,63,68,85,87,25,6,96,69,106,126,103,42,33,16,30,26,18,99,14,28,23,115,94,78,11,86,80,102,76,93,88,109,97,67,62,47,24,112,31,35,83,118,110,122,100,81,56,8,55,64,51,74,73,98,72,91,37,105,52,119,57,48,71,90,5,101,9,13,95,66,12,77,120,125,29,58,89,124,84,65,27,114,82,2,113,107,7,17,20,32,92,36,21,39,46,22,121,54,59,50,41,43,_G496256]
  070		 6206.6200159962		[90,71,48,57,119,52,105,37,91,72,98,73,74,51,64,55,8,56,81,100,122,110,118,83,35,31,112,24,47,62,67,97,109,88,93,76,102,80,86,11,78,94,115,23,28,14,99,18,26,30,16,33,42,103,126,106,69,96,6,25,87,85,68,63,123,128,60,108,75,10,4,44,15,127,104,61,111,116,38,70,40,0,129,49,1,53,34,117,79,45,19,3,43,41,50,59,54,121,22,46,39,21,36,92,32,20,17,7,107,113,2,82,114,27,65,84,124,89,58,29,125,120,77,12,66,95,13,9,101,5|_G496656]
  071		 6206.6200159962		[90,71,48,57,119,52,105,37,91,72,98,73,74,51,64,55,8,56,81,100,122,110,118,83,35,31,112,24,47,62,67,97,109,88,93,76,102,80,86,11,78,94,115,23,28,14,99,18,26,30,16,33,42,103,126,106,69,96,6,25,87,85,68,63,123,128,60,108,75,10,4,44,15,127,104,61,111,116,38,70,40,0,129,49,1,53,34,117,79,45,19,3,43,41,50,59,54,121,22,46,39,21,36,92,32,20,17,7,107,113,2,82,114,27,65,84,124,89,58,29,125,120,77,12,66,95,13,9,101,5,_G497057]
  072		 6206.6200159962		[90,71,48,57,119,52,105,37,91,72,98,73,74,51,64,55,8,56,81,100,122,110,118,83,35,31,112,24,47,62,67,97,109,88,93,76,102,80,86,11,78,94,115,23,28,14,99,18,26,30,16,33,42,103,126,106,69,96,6,25,87,85,68,63,123,128,60,108,75,10,4,44,15,127,104,61,111,116,38,70,40,0,129,49,1,53,34,117,79,45,19,3,43,41,50,59,54,121,22,46,39,21,36,92,32,20,17,7,107,113,2,82,114,27,65,84,124,89,58,29,125,120,77,12,66,95,13,9,101,5|_G497457]
  073		 6206.6200159962		[34,117,79,45,19,3,43,41,50,59,54,121,22,46,39,21,36,92,32,20,17,7,107,113,2,82,114,27,65,84,124,89,58,29,125,120,77,12,66,95,13,9,101,5,90,71,48,57,119,52,105,37,91,72,98,73,74,51,64,55,8,56,81,100,122,110,118,83,35,31,112,24,47,62,67,97,109,88,93,76,102,80,86,11,78,94,115,23,28,14,99,18,26,30,16,33,42,103,126,106,69,96,6,25,87,85,68,63,123,128,60,108,75,10,4,44,15,127,104,61,111,116,38,70,40,0,129,49,1,53,_G497858]
  074		 6206.6200159962		[53,34,117,79,45,19,3,43,41,50,59,54,121,22,46,39,21,36,92,32,20,17,7,107,113,2,82,114,27,65,84,124,89,58,29,125,120,77,12,66,95,13,9,101,5,90,71,48,57,119,52,105,37,91,72,98,73,74,51,64,55,8,56,81,100,122,110,118,83,35,31,112,24,47,62,67,97,109,88,93,76,102,80,86,11,78,94,115,23,28,14,99,18,26,30,16,33,42,103,126,106,69,96,6,25,87,85,68,63,123,128,60,108,75,10,4,44,15,127,104,61,111,116,38,70,40,0,129,49,1,_G498260]
  075		 6206.6200159962		[34,117,79,45,19,3,43,41,50,59,54,121,22,46,39,21,36,92,32,20,17,7,107,113,2,82,114,27,65,84,124,89,58,29,125,120,77,12,66,95,13,9,101,5,90,71,48,57,119,52,105,37,91,72,98,73,74,51,64,55,8,56,81,100,122,110,118,83,35,31,112,24,47,62,67,97,109,88,93,76,102,80,86,11,78,94,115,23,28,14,99,18,26,30,16,33,42,103,126,106,69,96,6,25,87,85,68,63,123,128,60,108,75,10,4,44,15,127,104,61,111,116,38,70,40,0,129,49,1,53,_G498662]
  076		 6206.6200159962		[71,48,57,119,52,105,37,91,72,98,73,74,51,64,55,8,56,81,100,122,110,118,83,35,31,112,24,47,62,67,97,109,88,93,76,102,80,86,11,78,94,115,23,28,14,99,18,26,30,16,33,42,103,126,106,69,96,6,25,87,85,68,63,123,128,60,108,75,10,4,44,15,127,104,61,111,116,38,70,40,0,129,49,1,53,34,117,79,45,19,3,43,41,50,59,54,121,22,46,39,21,36,92,32,20,17,7,107,113,2,82,114,27,65,84,124,89,58,29,125,120,77,12,66,95,13,9,101,5,90,_G499064]
  077		 6206.6200159962		[71,48,57,119,52,105,37,91,72,98,73,74,51,64,55,8,56,81,100,122,110,118,83,35,31,112,24,47,62,67,97,109,88,93,76,102,80,86,11,78,94,115,23,28,14,99,18,26,30,16,33,42,103,126,106,69,96,6,25,87,85,68,63,123,128,60,108,75,10,4,44,15,127,104,61,111,116,38,70,40,0,129,49,1,53,34,117,79,45,19,3,43,41,50,59,54,121,22,46,39,21,36,92,32,20,17,7,107,113,2,82,114,27,65,84,124,89,58,29,125,120,77,12,66,95,13,9,101,5,90|_G499464]
  078		 6206.6200159962		[53,34,117,79,45,19,3,43,41,50,59,54,121,22,46,39,21,36,92,32,20,17,7,107,113,2,82,114,27,65,84,124,89,58,29,125,120,77,12,66,95,13,9,101,5,90,71,48,57,119,52,105,37,91,72,98,73,74,51,64,55,8,56,81,100,122,110,118,83,35,31,112,24,47,62,67,97,109,88,93,76,102,80,86,11,78,94,115,23,28,14,99,18,26,30,16,33,42,103,126,106,69,96,6,25,87,85,68,63,123,128,60,108,75,10,4,44,15,127,104,61,111,116,38,70,40,0,129,49,1|_G499863]
  079		 6206.6200159962		[109,97,67,62,47,24,112,31,35,83,118,110,122,100,81,56,8,55,64,51,74,73,98,72,91,37,105,52,119,57,48,71,90,5,101,9,13,95,66,12,77,120,125,29,58,89,124,84,65,27,114,82,2,113,107,7,17,20,32,92,36,21,39,46,22,121,54,59,50,41,43,3,19,45,79,117,34,53,1,49,129,0,40,70,38,116,111,61,104,127,15,44,4,10,75,108,60,128,123,63,68,85,87,25,6,96,69,106,126,103,42,33,16,30,26,18,99,14,28,23,115,94,78,11,86,80,102,76,93,88,_G500264]
  080		 6207.4646027050		[56,8,55,64,51,74,73,98,72,91,37,105,52,119,57,48,71,90,5,101,9,13,95,66,12,77,120,125,29,58,89,124,84,65,27,114,82,2,113,107,7,17,20,32,92,36,21,39,46,22,121,54,59,50,41,43,3,19,45,79,117,34,53,1,49,129,0,40,70,38,116,111,61,104,127,15,44,4,10,75,108,60,128,123,63,68,85,87,25,6,96,69,106,126,103,42,33,16,30,26,18,99,14,28,23,115,94,78,86,11,80,102,76,93,88,109,97,67,62,47,24,31,112,35,83,118,110,122,100,81,_G500666]
  081		 6208.0020657150		[77,120,125,29,58,89,124,84,65,27,114,82,2,113,107,7,17,20,32,92,36,21,39,46,22,121,54,59,50,41,43,3,19,45,79,117,34,53,1,49,129,0,40,70,38,116,111,61,104,127,15,44,4,10,75,108,60,128,123,63,68,85,87,25,6,96,69,106,126,103,42,33,16,30,26,18,99,14,28,23,115,94,78,11,86,80,102,76,93,88,109,97,67,62,47,24,112,31,35,83,118,110,122,100,81,56,8,55,64,51,74,73,98,72,91,37,105,52,119,48,57,71,90,5,101,9,13,95,66,12,_G501068]
  082		 6208.0020657150		[77,120,125,29,58,89,124,84,65,27,114,82,2,113,107,7,17,20,32,92,36,21,39,46,22,121,54,59,50,41,43,3,19,45,79,117,34,53,1,49,129,0,40,70,38,116,111,61,104,127,15,44,4,10,75,108,60,128,123,63,68,85,87,25,6,96,69,106,126,103,42,33,16,30,26,18,99,14,28,23,115,94,78,11,86,80,102,76,93,88,109,97,67,62,47,24,112,31,35,83,118,110,122,100,81,56,8,55,64,51,74,73,98,72,91,37,105,52,119,48,57,71,90,5,101,9,13,95,66,12,_G501470]
  083		 6208.0020657150		[33,16,30,26,18,99,14,28,23,115,94,78,11,86,80,102,76,93,88,109,97,67,62,47,24,112,31,35,83,118,110,122,100,81,56,8,55,64,51,74,73,98,72,91,37,105,52,119,48,57,71,90,5,101,9,13,95,66,12,77,120,125,29,58,89,124,84,65,27,114,82,2,113,107,7,17,20,32,92,36,21,39,46,22,121,54,59,50,41,43,3,19,45,79,117,34,53,1,49,129,0,40,70,38,116,111,61,104,127,15,44,4,10,75,108,60,128,123,63,68,85,87,25,6,96,69,106,126,103,42|_G501870]
  084		 6208.0020657150		[9,13,95,66,12,77,120,125,29,58,89,124,84,65,27,114,82,2,113,107,7,17,20,32,92,36,21,39,46,22,121,54,59,50,41,43,3,19,45,79,117,34,53,1,49,129,0,40,70,38,116,111,61,104,127,15,44,4,10,75,108,60,128,123,63,68,85,87,25,6,96,69,106,126,103,42,33,16,30,26,18,99,14,28,23,115,94,78,11,86,80,102,76,93,88,109,97,67,62,47,24,112,31,35,83,118,110,122,100,81,56,8,55,64,51,74,73,98,72,91,37,105,52,119,48,57,71,90,5,101,_G502271]
  085		 6208.0020657150		[9,13,95,66,12,77,120,125,29,58,89,124,84,65,27,114,82,2,113,107,7,17,20,32,92,36,21,39,46,22,121,54,59,50,41,43,3,19,45,79,117,34,53,1,49,129,0,40,70,38,116,111,61,104,127,15,44,4,10,75,108,60,128,123,63,68,85,87,25,6,96,69,106,126,103,42,33,16,30,26,18,99,14,28,23,115,94,78,11,86,80,102,76,93,88,109,97,67,62,47,24,112,31,35,83,118,110,122,100,81,56,8,55,64,51,74,73,98,72,91,37,105,52,119,48,57,71,90,5,101,_G502271]
  086		 6208.0020657150		[2,113,107,7,17,20,32,92,36,21,39,46,22,121,54,59,50,41,43,3,19,45,79,117,34,53,1,49,129,0,40,70,38,116,111,61,104,127,15,44,4,10,75,108,60,128,123,63,68,85,87,25,6,96,69,106,126,103,42,33,16,30,26,18,99,14,28,23,115,94,78,11,86,80,102,76,93,88,109,97,67,62,47,24,112,31,35,83,118,110,122,100,81,56,8,55,64,51,74,73,98,72,91,37,105,52,119,48,57,71,90,5,101,9,13,95,66,12,77,120,125,29,58,89,124,84,65,27,114,82,_G502685]
  087		 6208.0020657150		[9,13,95,66,12,77,120,125,29,58,89,124,84,65,27,114,82,2,113,107,7,17,20,32,92,36,21,39,46,22,121,54,59,50,41,43,3,19,45,79,117,34,53,1,49,129,0,40,70,38,116,111,61,104,127,15,44,4,10,75,108,60,128,123,63,68,85,87,25,6,96,69,106,126,103,42,33,16,30,26,18,99,14,28,23,115,94,78,11,86,80,102,76,93,88,109,97,67,62,47,24,112,31,35,83,118,110,122,100,81,56,8,55,64,51,74,73,98,72,91,37,105,52,119,48,57,71,90,5,101,_G502271]
  088		 6208.0020657150		[9,13,95,66,12,77,120,125,29,58,89,124,84,65,27,114,82,2,113,107,7,17,20,32,92,36,21,39,46,22,121,54,59,50,41,43,3,19,45,79,117,34,53,1,49,129,0,40,70,38,116,111,61,104,127,15,44,4,10,75,108,60,128,123,63,68,85,87,25,6,96,69,106,126,103,42,33,16,30,26,18,99,14,28,23,115,94,78,11,86,80,102,76,93,88,109,97,67,62,47,24,112,31,35,83,118,110,122,100,81,56,8,55,64,51,74,73,98,72,91,37,105,52,119,48,57,71,90,5,101,_G502271]
  089		 6208.0020657150		[82,2,113,107,7,17,20,32,92,36,21,39,46,22,121,54,59,50,41,43,3,19,45,79,117,34,53,1,49,129,0,40,70,38,116,111,61,104,127,15,44,4,10,75,108,60,128,123,63,68,85,87,25,6,96,69,106,126,103,42,33,16,30,26,18,99,14,28,23,115,94,78,11,86,80,102,76,93,88,109,97,67,62,47,24,112,31,35,83,118,110,122,100,81,56,8,55,64,51,74,73,98,72,91,37,105,52,119,48,57,71,90,5,101,9,13,95,66,12,77,120,125,29,58,89,124,84,65,27,114,_G503111]
  090		 6208.0020657150		[9,13,95,66,12,77,120,125,29,58,89,124,84,65,27,114,82,2,113,107,7,17,20,32,92,36,21,39,46,22,121,54,59,50,41,43,3,19,45,79,117,34,53,1,49,129,0,40,70,38,116,111,61,104,127,15,44,4,10,75,108,60,128,123,63,68,85,87,25,6,96,69,106,126,103,42,33,16,30,26,18,99,14,28,23,115,94,78,11,86,80,102,76,93,88,109,97,67,62,47,24,112,31,35,83,118,110,122,100,81,56,8,55,64,51,74,73,98,72,91,37,105,52,119,48,57,71,90,5,101,_G502271]
  091		 6208.0020657150		[64,55,8,56,81,100,122,110,118,83,35,31,112,24,47,62,67,97,109,88,93,76,102,80,86,11,78,94,115,23,28,14,99,18,26,30,16,33,42,103,126,106,69,96,6,25,87,85,68,63,123,128,60,108,75,10,4,44,15,127,104,61,111,116,38,70,40,0,129,49,1,53,34,117,79,45,19,3,43,41,50,59,54,121,22,46,39,21,36,92,32,20,17,7,107,113,2,82,114,27,65,84,124,89,58,29,125,120,77,12,66,95,13,9,101,5,90,71,57,48,119,52,105,37,91,72,98,73,74,51|_G503523]
  092		 6208.0020657150		[20,32,92,36,21,39,46,22,121,54,59,50,41,43,3,19,45,79,117,34,53,1,49,129,0,40,70,38,116,111,61,104,127,15,44,4,10,75,108,60,128,123,63,68,85,87,25,6,96,69,106,126,103,42,33,16,30,26,18,99,14,28,23,115,94,78,11,86,80,102,76,93,88,109,97,67,62,47,24,112,31,35,83,118,110,122,100,81,56,8,55,64,51,74,73,98,72,91,37,105,52,119,48,57,71,90,5,101,9,13,95,66,12,77,120,125,29,58,89,124,84,65,27,114,82,2,113,107,7,17,_G503924]
  093		 6208.0020657150		[20,32,92,36,21,39,46,22,121,54,59,50,41,43,3,19,45,79,117,34,53,1,49,129,0,40,70,38,116,111,61,104,127,15,44,4,10,75,108,60,128,123,63,68,85,87,25,6,96,69,106,126,103,42,33,16,30,26,18,99,14,28,23,115,94,78,11,86,80,102,76,93,88,109,97,67,62,47,24,112,31,35,83,118,110,122,100,81,56,8,55,64,51,74,73,98,72,91,37,105,52,119,48,57,71,90,5,101,9,13,95,66,12,77,120,125,29,58,89,124,84,65,27,114,82,2,113,107,7,17,_G504326]
  094		 6208.0020657150		[9,13,95,66,12,77,120,125,29,58,89,124,84,65,27,114,82,2,113,107,7,17,20,32,92,36,21,39,46,22,121,54,59,50,41,43,3,19,45,79,117,34,53,1,49,129,0,40,70,38,116,111,61,104,127,15,44,4,10,75,108,60,128,123,63,68,85,87,25,6,96,69,106,126,103,42,33,16,30,26,18,99,14,28,23,115,94,78,11,86,80,102,76,93,88,109,97,67,62,47,24,112,31,35,83,118,110,122,100,81,56,8,55,64,51,74,73,98,72,91,37,105,52,119,48,57,71,90,5,101,_G504728]
  095		 6208.0020657150		[5,101,9,13,95,66,12,77,120,125,29,58,89,124,84,65,27,114,82,2,113,107,7,17,20,32,92,36,21,39,46,22,121,54,59,50,41,43,3,19,45,79,117,34,53,1,49,129,0,40,70,38,116,111,61,104,127,15,44,4,10,75,108,60,128,123,63,68,85,87,25,6,96,69,106,126,103,42,33,16,30,26,18,99,14,28,23,115,94,78,11,86,80,102,76,93,88,109,97,67,62,47,24,112,31,35,83,118,110,122,100,81,56,8,55,64,51,74,73,98,72,91,37,105,52,119,48,57,71,90,_G505130]
  096		 6208.0020657150		[81,56,8,55,64,51,74,73,98,72,91,37,105,52,119,48,57,71,90,5,101,9,13,95,66,12,77,120,125,29,58,89,124,84,65,27,114,82,2,113,107,7,17,20,32,92,36,21,39,46,22,121,54,59,50,41,43,3,19,45,79,117,34,53,1,49,129,0,40,70,38,116,111,61,104,127,15,44,4,10,75,108,60,128,123,63,68,85,87,25,6,96,69,106,126,103,42,33,16,30,26,18,99,14,28,23,115,94,78,11,86,80,102,76,93,88,109,97,67,62,47,24,112,31,35,83,118,110,122,100,_G505532]
  097		 6208.0020657150		[40,70,38,116,111,61,104,127,15,44,4,10,75,108,60,128,123,63,68,85,87,25,6,96,69,106,126,103,42,33,16,30,26,18,99,14,28,23,115,94,78,11,86,80,102,76,93,88,109,97,67,62,47,24,112,31,35,83,118,110,122,100,81,56,8,55,64,51,74,73,98,72,91,37,105,52,119,48,57,71,90,5,101,9,13,95,66,12,77,120,125,29,58,89,124,84,65,27,114,82,2,113,107,7,17,20,32,92,36,21,39,46,22,121,54,59,50,41,43,3,19,45,79,117,34,53,1,49,129,0,_G505934]
  098		 6208.0020657150		[40,70,38,116,111,61,104,127,15,44,4,10,75,108,60,128,123,63,68,85,87,25,6,96,69,106,126,103,42,33,16,30,26,18,99,14,28,23,115,94,78,11,86,80,102,76,93,88,109,97,67,62,47,24,112,31,35,83,118,110,122,100,81,56,8,55,64,51,74,73,98,72,91,37,105,52,119,48,57,71,90,5,101,9,13,95,66,12,77,120,125,29,58,89,124,84,65,27,114,82,2,113,107,7,17,20,32,92,36,21,39,46,22,121,54,59,50,41,43,3,19,45,79,117,34,53,1,49,129,0,_G506336]
  099		 6208.0020657150		[56,8,55,64,51,74,73,98,72,91,37,105,52,119,48,57,71,90,5,101,9,13,95,66,12,77,120,125,29,58,89,124,84,65,27,114,82,2,113,107,7,17,20,32,92,36,21,39,46,22,121,54,59,50,41,43,3,19,45,79,117,34,53,1,49,129,0,40,70,38,116,111,61,104,127,15,44,4,10,75,108,60,128,123,63,68,85,87,25,6,96,69,106,126,103,42,33,16,30,26,18,99,14,28,23,115,94,78,11,86,80,102,76,93,88,109,97,67,62,47,24,112,31,35,83,118,110,122,100,81,_G506738]
  100		 6208.0020657150		[5,101,9,13,95,66,12,77,120,125,29,58,89,124,84,65,27,114,82,2,113,107,7,17,20,32,92,36,21,39,46,22,121,54,59,50,41,43,3,19,45,79,117,34,53,1,49,129,0,40,70,38,116,111,61,104,127,15,44,4,10,75,108,60,128,123,63,68,85,87,25,6,96,69,106,126,103,42,33,16,30,26,18,99,14,28,23,115,94,78,11,86,80,102,76,93,88,109,97,67,62,47,24,112,31,35,83,118,110,122,100,81,56,8,55,64,51,74,73,98,72,91,37,105,52,119,48,57,71,90,_G507140]
=================================================================================================================================================================== 
