=================================================================================================================================================================== 
                                                         Resultados Algoritmo Genético Caixeiro Viajante                                                           
=================================================================================================================================================================== 
                                                                            Parâmetros                                                                             
------------------------------------------------------------------------------------------------------------------------------------------------------------------- 
	Data =  28/05/2015 16:34:04 	Tempo de execução =  11.294s 	Tamanho da população =  100 	Número de gerações =  3

	Taxa de migração =  10.00% 		Limite de erro =  122200 			Limite do Torneio em Habitat =  1.00

=================================================================================================================================================================== 
                                                                            Soluções                                                                              
Posição  		Distância                                                              Trajeto                                                              
------------------------------------------------------------------------------------------------------------------------------------------------------------------- 
  001		 12207.1184322838		[10,4,44,15,75,108,128,123,63,68,85,87,25,96,69,6,62,67,97,109,88,93,94,86,80,11,51,72,37,78,115,102,76,83,31,35,112,118,110,81,74,98,71,90,57,48,52,119,54,13,9,12,66,95,121,50,59,41,36,21,39,3,99,16,42,28,18,30,103,126,0,60,127,61,104,114,82,116,111,38,70,40,49,1,117,53,19,46,22,20,77,120,107,7,17,2,129,34,79,92,43,105,5,91,55,56,8,64,73,122,100,24,47,26,14,23,33,106,45,125,32,58,29,113,124,84,65,89,27,101|_G414075]
  002		 12235.0124320771		[85,68,63,87,6,96,62,67,24,112,31,35,83,47,103,109,18,14,99,23,37,78,115,94,28,93,88,42,69,25,123,60,108,4,10,75,15,61,114,27,104,116,111,127,40,38,70,49,129,53,33,26,30,16,19,117,34,1,106,126,128,0,82,113,29,89,84,58,2,17,7,45,79,92,39,41,9,121,54,21,43,59,36,20,125,107,22,95,66,12,13,101,5,50,52,48,71,90,119,3,46,32,65,124,77,44,105,91,11,76,102,55,64,86,80,51,8,74,98,72,73,81,56,100,110,122,118,97,57,120|_G414474]
  003		 12391.5660012649		[98,74,51,55,56,81,8,64,73,72,11,86,102,28,14,99,26,18,94,78,115,80,88,23,33,53,3,79,2,116,113,17,20,7,125,107,29,114,27,104,61,15,44,75,108,60,10,4,127,40,70,129,92,21,36,46,54,41,39,43,32,12,66,101,121,13,9,19,49,1,117,34,16,42,106,103,96,87,68,63,85,6,69,25,97,24,67,31,76,47,62,109,35,93,112,83,118,110,122,100,57,119,52,48,105,91,37,30,123,128,126,50,59,5,90,71,95,22,58,77,89,124,65,84,82,38,0,111,45,120|_G414873]
  004		 12437.9377081630		[78,99,23,88,97,67,31,35,83,112,109,18,26,16,33,0,75,108,60,10,44,129,38,40,70,49,125,32,92,3,52,37,80,102,86,74,72,56,81,8,64,73,98,51,76,118,100,122,110,93,11,94,14,30,53,79,117,106,103,42,62,69,96,6,87,85,63,68,123,127,104,61,15,4,111,113,120,77,107,7,2,116,17,1,82,29,114,27,84,65,124,89,58,45,19,34,41,43,36,20,21,39,46,22,95,66,13,12,50,54,121,9,101,5,90,91,71,48,57,119,115,28,24,47,25,128,105,59,55,126|_G415272]
  005		 12582.7588541749		[42,26,30,115,99,37,14,28,76,80,86,11,78,23,94,73,74,81,55,8,56,100,110,122,118,97,112,102,93,35,24,6,96,69,128,108,60,10,4,15,44,75,63,85,87,0,70,40,116,113,7,29,82,2,125,107,19,79,21,95,66,12,22,45,17,117,121,59,52,71,57,119,105,43,50,41,46,20,39,32,13,5,101,9,92,3,34,53,103,18,106,88,109,31,83,64,51,98,72,91,90,54,48,36,1,129,49,38,127,61,111,27,89,124,84,58,77,120,65,114,104,126,25,62,67,47,123,68,33,16|_G415671]
  006		 12754.9913030043		[81,56,51,55,98,73,74,91,71,48,57,50,54,59,46,21,39,41,92,32,36,43,119,90,5,101,9,121,95,17,107,113,120,125,82,29,77,2,7,58,89,124,65,84,45,34,1,38,40,129,116,114,27,61,127,104,111,15,44,75,108,123,63,68,60,128,126,25,69,96,6,62,47,67,97,112,118,76,93,14,26,18,42,103,106,30,16,53,79,117,70,49,20,3,19,12,66,13,22,37,86,88,23,99,115,78,80,102,8,64,100,11,72,105,94,28,109,110,122,83,35,31,24,33,0,87,85,4,10,52|_G416070]
  007		 12775.0136539603		[46,22,79,17,117,19,92,3,34,53,45,107,49,111,104,116,127,15,10,75,108,123,128,96,126,62,69,47,35,83,93,18,103,24,109,67,42,33,30,115,94,78,99,16,23,26,0,44,4,82,113,20,54,43,119,48,71,57,91,64,55,56,81,100,122,110,73,90,98,72,74,8,51,11,86,80,37,52,50,41,105,14,76,102,28,88,112,31,118,63,68,85,60,87,6,25,106,97,1,129,70,2,125,7,32,121,21,36,66,101,12,95,9,39,59,5,13,120,29,89,84,77,58,124,65,114,27,61,38,40|_G416469]
  008		 12975.1656273856		[36,21,121,39,50,41,119,48,52,43,22,46,95,12,125,7,82,29,120,58,124,65,89,2,116,111,61,127,40,38,70,45,92,3,34,53,30,33,26,99,16,23,126,96,25,67,62,69,103,128,108,75,10,15,104,27,114,113,32,107,17,20,79,117,19,1,129,4,44,0,106,97,109,24,31,112,93,83,35,110,122,100,81,56,64,55,74,51,73,98,72,8,102,76,28,14,115,88,80,37,78,94,118,123,60,63,68,85,47,42,18,86,11,91,71,57,105,54,5,101,9,66,13,59,49,77,84,87,6,90|_G416868]
  009		 13014.1013740776		[53,117,1,129,38,111,82,107,32,29,70,40,127,114,27,116,61,124,89,65,77,21,46,36,3,52,50,41,92,54,12,13,5,9,66,95,22,20,17,113,2,58,84,44,4,75,108,60,10,15,7,125,120,45,79,49,34,26,30,23,99,37,86,64,81,56,98,102,28,115,11,91,72,73,8,51,74,90,119,48,57,105,71,101,121,19,59,78,18,42,88,109,24,97,67,47,31,83,112,118,76,93,94,33,103,14,80,55,110,122,100,35,126,106,62,69,96,6,87,63,68,85,25,123,128,0,104,16,43,39|_G417267]
  010		 13133.9608298182		[94,23,93,109,62,96,123,87,69,63,68,85,60,108,10,104,61,15,40,0,38,70,116,82,29,124,2,17,107,20,12,9,13,95,22,121,92,39,21,36,46,43,54,59,101,48,50,52,119,57,41,53,117,79,19,105,34,37,91,80,86,55,81,56,8,64,73,76,78,11,51,74,98,72,71,90,5,3,1,33,30,26,18,88,67,42,106,6,25,128,44,75,4,103,97,24,112,35,83,31,28,14,126,99,118,102,100,110,122,47,115,16,49,113,7,45,32,66,120,77,125,114,111,127,27,58,89,84,65,129|_G417666]
  011		 13298.2351025251		[104,70,40,38,0,127,116,49,19,32,46,36,92,39,20,113,2,107,17,125,117,34,53,1,45,3,21,79,52,57,105,91,11,80,55,102,94,26,88,67,69,6,47,24,109,62,97,93,112,31,35,100,64,81,8,73,72,23,28,18,14,30,33,103,106,126,42,16,37,86,74,51,56,98,78,76,118,122,110,83,99,75,10,108,4,15,61,27,114,82,89,124,65,84,58,29,120,7,111,129,44,123,60,63,87,68,85,25,115,50,43,41,59,71,48,119,90,54,22,95,66,13,9,101,5,121,12,77,128,96|_G418065]
  012		 13446.9951036432		[120,113,82,29,125,89,84,77,124,65,58,107,32,21,43,92,3,70,127,111,114,27,61,104,15,108,60,123,10,44,4,75,126,62,67,69,33,30,115,23,14,28,78,11,57,50,41,119,52,48,59,54,121,39,95,22,66,9,13,20,7,2,45,19,46,117,79,17,1,53,40,0,116,42,109,106,6,25,87,16,99,26,97,47,24,112,31,35,83,76,118,102,80,55,64,73,98,72,74,51,8,56,100,122,81,110,88,93,94,18,103,49,129,38,34,105,91,37,86,36,5,101,12,71,90,96,128,63,68,85|_G418464]
  013		 13451.6633865836		[91,37,115,80,88,112,83,24,18,78,28,14,99,94,23,33,53,92,32,21,39,43,121,13,9,12,46,36,54,95,119,52,48,71,57,41,105,117,34,3,50,59,5,101,66,22,20,17,7,125,113,116,107,2,82,29,89,120,45,79,129,40,70,19,49,1,111,104,44,15,61,27,114,127,38,75,108,60,68,63,25,69,6,85,87,128,126,103,109,67,106,42,26,62,97,47,31,93,35,76,102,86,72,73,8,81,56,55,110,30,11,74,51,98,64,100,122,118,96,10,4,0,16,123,77,124,84,65,58,90|_G418863]
  014		 13497.2250145170		[82,125,79,1,129,117,19,17,107,7,20,46,95,66,121,39,92,105,57,71,119,59,50,41,54,52,3,86,64,55,74,102,28,88,14,80,56,51,72,73,11,78,53,34,32,120,124,65,29,114,27,61,104,4,15,44,108,128,60,123,87,68,63,85,6,96,62,47,97,24,67,112,35,31,76,83,93,23,115,30,16,126,106,69,25,0,40,116,111,38,113,45,2,89,84,77,58,49,42,18,118,103,33,26,99,94,109,122,110,81,8,98,91,37,48,36,13,12,22,21,43,9,5,101,90,100,75,10,127,70|_G419262]
  015		 13513.1306203911		[53,3,79,17,20,22,121,13,21,46,50,119,52,105,94,28,93,97,83,122,86,78,64,56,73,74,72,57,37,26,42,106,96,25,63,68,87,85,69,128,108,4,44,75,60,10,38,129,116,111,104,15,27,114,127,40,61,82,107,29,125,113,7,1,19,36,39,32,43,41,59,54,9,66,95,12,5,48,34,92,58,45,2,70,49,117,16,30,33,126,109,67,24,47,62,6,123,18,14,88,76,80,11,115,23,99,0,120,77,89,124,65,84,101,98,55,81,51,8,102,110,100,118,31,112,35,103,91,71,90|_G419661]
  016		 13775.5071160301		[58,29,82,107,125,79,53,117,21,46,36,39,121,13,9,66,95,20,17,22,34,30,115,26,99,37,105,52,48,119,50,54,41,43,57,90,73,72,56,98,51,8,64,55,81,100,110,122,83,97,109,67,24,6,123,128,25,87,68,63,85,106,96,62,47,35,31,118,112,93,88,14,76,80,42,103,33,16,18,28,78,91,71,74,23,94,102,59,92,32,45,113,2,116,114,61,104,111,38,0,127,40,129,15,44,60,10,4,75,126,69,1,7,19,49,70,108,27,124,89,120,77,65,84,3,86,5,101,12,11|_G420060]
  017		 13855.5280669705		[41,39,32,92,79,117,53,30,26,18,109,24,6,96,87,85,69,62,42,103,16,33,0,70,49,116,40,38,129,45,22,66,13,43,36,20,125,77,2,82,29,58,89,124,65,84,120,46,95,12,121,101,9,7,111,113,19,34,105,11,28,94,23,99,115,72,48,71,57,59,21,50,54,119,3,52,37,80,102,93,88,97,112,83,35,31,110,122,8,56,81,55,100,51,98,73,64,74,86,91,90,5,107,17,15,44,108,60,75,123,63,68,106,25,128,126,67,47,14,1,104,127,61,27,114,4,10,78,76,118|_G420459]
  018		 13877.9010611073		[97,109,93,80,23,115,94,57,74,51,81,8,55,122,100,76,99,129,40,127,4,15,60,108,85,25,123,68,63,87,96,128,75,10,44,0,111,104,61,114,27,69,33,126,67,62,106,30,28,88,26,53,34,19,7,117,107,17,45,49,70,38,113,2,116,89,29,82,84,77,65,124,58,125,32,92,36,21,20,22,121,54,39,43,41,59,3,46,66,12,52,72,98,86,102,64,73,56,110,112,31,35,83,118,24,6,18,1,79,120,13,9,5,95,50,101,90,71,78,37,11,91,105,48,119,16,42,103,14,47|_G420858]
  019		 14086.5388699100		[124,65,58,82,29,77,12,66,46,21,36,43,119,52,41,92,45,1,53,19,129,117,70,114,27,61,104,127,38,40,49,34,33,99,18,26,14,115,78,37,3,59,48,71,50,5,101,121,39,13,9,57,54,79,16,94,76,93,109,97,47,62,67,42,106,103,30,23,28,74,51,73,98,64,55,86,91,80,83,35,100,110,122,81,8,56,118,112,24,96,25,69,126,128,60,123,15,111,0,44,4,75,108,63,68,87,85,6,125,22,95,20,107,113,116,2,7,32,17,89,84,120,90,102,11,72,105,88,31,10|_G421257]
  020		 14110.4070646224		[73,74,11,91,23,78,37,53,3,19,45,117,1,129,40,111,38,44,4,75,15,10,60,68,87,85,27,114,104,70,49,125,107,7,113,58,124,89,65,82,116,120,2,61,127,0,16,115,76,28,42,106,96,69,6,25,108,123,128,63,99,88,109,97,31,35,112,118,83,93,14,94,86,30,26,33,103,126,62,67,24,64,98,80,55,56,8,100,122,110,81,105,41,71,90,50,59,119,57,5,9,13,66,95,12,77,20,17,79,36,21,39,32,121,22,46,54,101,43,34,92,18,47,102,51,72,48,52,29,84|_G421656]
  021		 14169.3568558556		[85,25,62,69,96,128,0,79,104,40,70,116,114,27,111,15,4,10,44,75,68,108,60,123,106,14,26,103,18,126,109,88,42,97,67,47,93,83,112,35,118,122,110,80,76,94,30,115,28,11,78,23,99,33,105,57,119,43,50,41,92,3,46,121,101,54,5,13,12,95,66,9,22,20,7,113,29,82,107,125,19,39,59,48,71,52,37,98,91,86,102,51,8,55,64,73,72,100,74,81,56,31,24,6,87,63,16,117,17,2,45,120,77,58,84,65,124,89,129,49,1,36,21,32,38,127,61,53,34,90|_G422055]
  022		 14215.8951818199		[47,31,112,118,76,28,33,103,106,6,25,10,4,44,0,40,38,129,1,117,79,17,19,45,49,34,3,50,119,52,54,121,95,22,21,41,43,46,66,9,13,92,39,12,101,59,57,90,56,8,98,91,105,78,115,94,11,74,51,55,64,73,72,48,86,102,81,80,93,88,14,23,42,37,36,32,20,7,82,29,77,65,124,89,84,120,113,2,116,70,104,114,27,61,75,108,123,60,128,63,68,85,96,18,109,24,35,83,110,122,100,30,107,58,111,127,125,53,26,99,16,62,67,97,69,126,15,87,71,5|_G422454]
  023		 14286.3969325466		[17,117,107,125,79,49,45,53,34,1,129,70,111,104,116,127,15,44,10,75,108,0,61,38,82,113,20,37,57,71,72,74,91,80,23,14,33,88,112,83,93,97,6,25,123,128,60,4,68,85,96,69,126,16,99,115,94,28,18,103,109,24,62,35,47,118,31,81,56,73,90,98,51,8,55,102,76,11,64,86,105,52,50,121,21,36,32,7,40,30,106,87,63,26,42,67,110,122,100,41,95,66,9,13,12,22,39,92,46,43,59,48,54,119,3,19,2,120,84,89,58,29,77,124,114,27,65,101,5,78|_G422853]
  024		 14316.6966358832		[98,91,90,51,102,18,33,106,128,63,25,96,123,126,42,87,85,6,69,68,60,75,10,4,108,127,61,116,38,70,104,111,113,125,29,82,107,17,45,79,92,32,120,65,89,95,39,19,117,3,57,72,86,115,16,34,1,40,44,0,129,15,27,114,124,119,23,112,35,118,83,97,93,88,14,103,30,53,66,121,54,50,43,36,21,9,5,59,41,105,48,52,71,37,78,74,64,80,94,28,24,31,47,62,67,109,26,99,11,76,110,100,122,81,56,8,55,73,46,22,20,49,2,7,58,77,84,12,13,101|_G423252]
  025		 14341.7437479787		[36,22,92,43,54,121,12,20,107,7,17,2,29,82,129,40,79,32,21,45,3,113,58,125,77,95,66,101,59,19,49,38,70,1,117,34,53,115,26,105,41,46,9,116,127,103,0,111,61,27,114,15,44,108,75,4,60,123,128,25,87,126,30,18,14,78,86,91,98,56,72,71,57,119,50,52,48,37,93,88,23,94,102,81,55,64,8,100,122,76,11,80,28,42,33,16,99,109,97,118,83,35,112,31,69,6,96,68,85,63,106,10,104,124,89,65,84,120,5,13,39,74,51,73,90,110,24,47,67,62|_G423651]
  026		 14408.1511083143		[78,94,28,18,30,115,99,16,1,34,19,49,129,104,27,114,70,0,40,79,17,113,2,45,121,39,50,41,57,48,90,98,37,11,64,55,74,72,8,51,91,86,71,73,52,59,101,66,12,95,22,43,119,54,20,21,36,3,92,105,107,116,111,61,4,10,75,44,15,128,108,60,123,96,25,6,63,68,85,87,24,47,35,83,118,31,76,102,56,81,100,110,109,67,62,69,126,42,33,26,103,93,97,106,88,112,80,23,14,117,82,124,58,120,77,29,7,125,84,127,53,46,9,13,5,32,89,65,38,122|_G424050]
  027		 14426.3611755324		[127,61,114,27,15,10,4,44,0,111,75,128,68,87,85,63,108,40,1,129,34,19,92,20,7,113,82,116,120,17,32,107,125,45,49,3,117,46,22,54,119,5,95,66,12,121,39,36,21,79,38,58,89,124,65,77,2,26,14,115,78,23,18,33,103,106,6,25,126,62,67,47,112,83,118,35,31,97,109,93,28,76,94,11,91,71,90,50,41,43,59,48,52,53,99,42,69,96,24,30,16,102,56,8,55,80,37,86,73,72,74,51,81,98,64,100,122,70,104,29,84,13,101,9,57,105,88,110,123,60|_G424449]
  028		 14476.7216263135		[89,84,124,58,29,82,2,38,104,111,116,127,15,44,61,70,0,117,1,53,92,46,22,13,95,12,121,54,36,39,32,125,107,79,20,3,57,71,59,41,48,72,91,86,74,64,56,8,55,81,100,80,115,99,126,25,6,96,47,24,109,42,106,18,23,94,14,102,11,28,26,30,33,16,34,19,113,129,49,40,114,27,65,63,128,10,85,123,67,88,93,76,118,35,31,83,110,122,98,73,78,45,17,7,120,43,21,50,52,37,51,90,119,105,5,101,9,66,77,4,68,108,60,75,103,69,62,97,112,87|_G424848]
  029		 14516.8118515237		[11,55,81,8,64,37,86,115,78,99,16,88,42,14,93,23,26,18,103,106,6,128,123,60,44,61,70,1,49,34,36,20,39,32,17,129,7,2,116,111,0,25,69,126,33,109,24,97,67,62,28,94,80,91,105,72,73,74,102,76,35,83,122,56,98,51,48,52,101,5,121,46,41,3,19,22,66,57,71,90,50,54,59,21,13,12,45,117,79,92,43,119,9,77,124,89,84,104,114,113,58,120,125,29,82,127,40,38,107,53,30,96,87,63,85,68,75,15,10,4,108,27,65,95,47,31,112,118,110,100|_G425247]
  030		 14526.1636634226		[82,125,104,61,0,111,116,70,17,107,7,113,45,19,34,16,94,23,18,30,115,78,37,51,74,8,72,64,80,88,28,47,112,83,24,62,106,42,33,99,1,117,79,38,27,15,4,75,108,60,10,44,40,123,6,87,68,69,67,97,35,31,126,25,128,96,103,26,14,93,11,91,71,73,98,86,105,57,3,43,59,22,9,13,66,46,39,21,36,50,54,92,41,52,119,48,121,95,32,2,58,89,84,29,124,65,114,20,12,77,120,49,129,127,53,90,101,5,76,118,102,81,56,55,122,110,100,109,63,85|_G425646]
  031		 14649.6047833226		[10,60,123,128,75,15,111,116,2,7,120,58,65,124,89,84,82,29,125,77,22,43,46,21,54,121,59,101,12,66,36,32,17,79,92,3,19,117,38,40,0,70,61,44,127,27,34,53,33,28,23,115,78,37,86,88,42,18,26,16,94,80,102,74,73,98,41,52,48,57,71,90,119,91,99,103,106,96,25,69,126,68,63,87,6,62,47,67,35,31,97,24,14,93,109,112,110,76,118,83,100,56,55,81,51,11,64,8,122,105,50,95,13,39,20,129,45,49,107,113,114,4,104,108,85,30,1,9,5,72|_G426045]
  032		 14693.6129167674		[116,111,40,127,104,0,45,7,2,17,113,125,58,89,124,65,77,32,12,95,22,43,54,66,121,36,59,13,79,92,19,3,50,39,120,21,46,101,9,41,119,57,52,90,98,64,56,81,51,91,11,80,102,14,26,33,30,53,16,129,1,117,20,49,61,27,114,70,10,4,44,15,75,60,123,126,25,47,24,112,35,31,62,67,109,106,18,42,88,28,115,76,55,74,73,78,93,83,118,72,86,8,110,122,100,99,23,94,37,105,48,71,34,103,96,6,69,128,108,63,68,87,85,97,107,82,29,84,38,5|_G426444]
  033		 14884.2299540156		[23,14,102,76,64,110,100,122,81,35,97,67,93,83,47,62,24,96,25,60,123,15,114,27,82,70,127,111,40,49,34,3,30,18,99,16,19,79,92,36,46,95,9,20,107,129,17,113,45,117,1,54,13,121,66,12,22,39,21,32,7,125,2,58,116,38,44,75,108,10,4,61,120,29,77,89,104,0,53,52,48,37,80,91,98,51,56,72,74,73,55,8,11,86,71,43,59,119,57,41,50,101,5,78,28,109,88,112,42,26,69,63,68,85,87,128,103,106,33,126,115,94,105,90,31,118,6,124,84,65|_G426843]
  034		 14962.4387581911		[57,48,50,52,105,37,78,102,80,76,83,97,109,67,62,126,18,11,91,73,8,56,55,64,28,30,103,25,6,123,128,108,116,40,4,44,0,16,1,117,7,32,17,20,22,46,21,36,39,41,43,54,13,121,59,101,95,66,12,77,113,29,58,89,120,2,49,70,114,27,104,38,129,34,94,93,24,69,96,106,33,14,26,23,53,3,79,125,45,92,107,82,61,127,111,75,63,68,85,87,60,10,15,124,86,51,72,115,88,31,35,118,112,47,42,74,81,100,122,110,98,71,90,119,5,9,19,99,84,65|_G427242]
  035		 14988.3816130017		[40,70,53,92,17,19,39,121,9,13,12,46,3,34,52,59,90,101,5,54,95,50,21,32,7,125,113,107,2,82,29,116,0,104,111,1,129,79,45,117,38,108,44,96,62,97,24,35,76,102,55,56,81,8,110,122,100,64,51,74,98,91,86,72,73,48,36,22,66,20,120,77,124,89,65,84,58,43,105,37,99,26,42,67,47,83,18,30,103,115,80,88,14,11,93,112,28,109,31,23,94,33,106,25,123,69,126,128,85,6,10,75,127,49,41,78,57,119,71,118,16,60,4,15,61,27,114,63,68,87|_G427641]
  036		 15025.3764057330		[128,25,126,16,117,19,17,82,61,113,7,20,107,45,79,49,33,99,78,23,53,41,34,38,15,4,108,10,75,127,104,111,114,116,70,129,2,13,9,66,22,21,36,46,12,95,32,92,1,125,120,84,124,65,29,58,77,89,27,44,0,103,30,18,62,26,109,94,102,64,37,57,50,52,105,71,91,80,28,88,14,86,76,24,112,83,97,47,115,42,106,69,96,6,31,122,110,81,56,100,118,35,93,67,123,63,85,68,60,121,119,54,59,48,43,5,101,3,40,39,90,73,98,72,51,74,55,8,11,87|_G428040]
  037		 15246.5582324898		[70,129,2,113,82,127,116,111,104,15,40,7,32,9,95,66,22,41,5,48,119,54,43,36,21,121,50,52,105,57,37,86,99,115,94,34,79,49,19,107,29,89,124,77,58,125,45,92,46,120,17,117,1,16,126,106,30,80,23,53,26,31,118,112,93,83,47,35,97,62,24,109,88,33,103,18,78,76,28,102,55,100,110,73,72,74,51,8,11,91,98,64,14,122,81,56,71,59,90,3,0,44,38,61,60,63,87,128,123,96,69,42,67,25,6,108,75,10,4,85,68,27,84,114,65,20,39,13,12,101|_G428439]
  038		 15269.8420298314		[92,36,46,95,9,20,125,22,39,21,32,7,2,61,44,38,58,116,75,108,10,4,111,70,82,114,27,127,40,49,34,3,30,18,99,16,19,79,53,117,45,113,17,129,107,89,77,104,0,69,63,68,85,87,96,42,26,93,67,14,23,102,76,64,110,100,122,81,35,97,83,47,62,24,25,60,123,15,128,103,106,33,126,115,88,109,112,80,91,98,51,56,72,74,73,55,94,105,90,52,48,37,28,31,118,86,8,11,71,54,13,121,66,12,5,101,50,41,59,43,119,57,78,6,1,124,84,65,29,120,_G428840]
  039		 15436.6426483580		[128,96,87,63,68,85,25,67,97,62,6,106,103,42,69,16,26,40,70,49,19,3,45,32,22,95,66,46,36,120,125,113,2,7,107,29,21,54,59,71,91,11,94,80,28,76,35,14,102,110,55,64,8,81,122,56,51,74,73,72,105,57,119,50,39,20,77,124,89,84,114,127,38,44,60,61,104,15,116,75,10,4,108,111,0,126,123,47,83,88,24,109,31,23,33,30,53,79,34,41,43,9,121,12,13,92,1,117,52,37,86,98,115,78,99,129,17,82,48,90,101,5,58,65,27,18,112,118,93,100|_G429240]
  040		 15462.6887804508		[13,9,5,90,71,105,91,57,43,92,46,121,21,59,41,119,48,39,95,66,22,36,20,7,19,45,107,38,79,125,29,61,116,111,120,77,27,124,58,17,32,12,127,104,114,65,89,49,1,117,70,33,126,96,62,67,97,28,72,94,115,14,23,26,99,18,109,24,31,118,83,35,112,86,37,64,55,102,56,8,81,100,122,110,73,74,98,11,78,16,129,3,53,15,44,75,10,63,68,85,47,87,103,40,0,4,60,128,25,6,42,106,30,34,113,54,50,52,101,2,82,84,108,123,69,93,88,76,80,51|_G429639]
  041		 15472.9019856076		[17,107,2,58,84,29,82,111,70,129,1,34,32,120,77,89,124,65,121,13,12,101,9,59,41,92,36,21,45,43,50,119,57,105,48,71,54,66,78,33,28,115,11,102,74,73,51,81,56,100,94,23,99,37,3,19,22,95,20,49,0,61,114,116,27,40,38,104,127,10,15,4,44,75,25,68,123,60,106,109,67,97,24,83,47,31,112,35,76,80,88,18,14,42,126,16,52,46,113,125,7,91,72,98,86,64,110,122,118,93,55,90,5,117,79,53,103,62,96,87,63,85,108,128,69,6,8,26,30,39|_G430038]
  042		 16029.4094667565		[48,41,39,46,117,34,3,105,115,99,16,23,80,112,106,33,28,53,116,38,104,114,40,15,4,128,108,10,111,7,32,21,20,54,66,95,121,22,36,49,70,113,29,124,89,82,61,27,84,65,12,19,1,129,0,69,68,63,126,42,26,30,18,93,76,83,35,88,11,14,97,24,87,85,94,37,72,91,98,90,57,119,43,79,92,17,2,77,120,125,107,45,58,127,62,47,31,103,96,6,109,67,102,8,56,81,110,74,86,78,55,64,51,73,100,122,118,25,60,123,75,44,50,52,59,5,9,13,101,71|_G430437]
  043		 16210.5502848730		[5,101,54,21,39,46,36,92,95,9,13,121,43,59,48,57,91,72,74,73,51,8,64,55,110,88,115,33,126,30,94,99,16,23,18,103,0,104,82,111,38,15,40,127,116,17,117,45,53,34,79,107,125,20,22,12,58,2,61,1,129,29,49,3,19,50,105,26,42,128,10,108,123,67,62,47,97,83,31,112,109,80,37,78,122,100,76,102,93,86,118,24,14,106,6,85,87,96,44,75,60,63,68,25,69,70,113,84,124,65,66,52,41,119,90,28,11,71,56,81,98,35,4,114,89,77,120,32,7,27|_G430836]
  044		 16254.6799410775		[28,42,16,99,93,88,109,24,6,96,25,87,85,63,108,75,15,44,123,128,69,62,47,118,35,112,110,56,8,55,64,100,122,76,51,11,80,86,94,26,117,1,49,70,38,40,53,19,46,32,125,111,124,84,120,77,17,7,107,2,116,82,129,104,61,27,89,114,4,10,60,127,126,30,78,105,43,92,79,0,34,41,59,121,50,36,54,95,66,12,13,9,101,90,57,91,48,52,72,71,119,5,3,21,39,113,58,29,45,23,37,14,67,97,81,98,74,115,102,103,33,31,83,18,106,68,20,22,65,73,_G431237]
  045		 16326.3675744131		[106,24,102,55,56,122,74,72,80,73,64,98,91,36,45,19,32,46,79,17,117,116,114,104,111,127,40,0,1,16,99,26,97,31,118,83,76,93,109,78,11,86,37,23,14,88,28,33,42,115,94,18,6,87,108,60,123,85,96,128,44,4,49,2,70,7,20,82,29,84,89,125,92,34,53,105,21,50,121,39,95,12,13,9,22,54,41,119,57,43,129,38,113,107,77,58,65,61,27,75,126,103,69,25,47,62,67,35,8,81,100,112,110,51,71,3,52,90,59,48,5,101,120,124,66,30,15,10,63,68|_G431637]
  046		 16485.4598381891		[10,63,68,85,60,108,75,87,6,96,47,24,109,76,88,93,83,122,55,81,100,56,8,80,14,67,112,35,31,62,69,103,23,94,30,26,33,16,49,116,111,40,38,2,82,29,58,32,39,19,34,105,90,73,78,3,50,52,54,66,20,125,77,113,0,70,127,117,1,129,45,7,17,79,92,121,36,15,44,61,27,114,89,84,65,124,107,120,22,46,95,12,13,101,9,43,57,71,119,41,48,37,115,99,28,11,64,74,102,51,98,91,86,18,42,97,128,106,25,126,53,72,110,123,4,104,59,21,5,118|_G432036]
  047		 16577.9831232714		[48,3,20,121,39,9,21,19,17,32,36,1,129,2,7,127,60,15,111,0,104,27,116,82,29,77,120,12,66,92,41,13,34,49,40,70,114,87,68,63,108,25,96,69,126,128,75,10,62,47,67,106,103,18,42,99,26,14,88,115,78,28,16,94,11,102,35,24,97,31,23,109,118,81,56,8,122,110,112,93,76,80,37,53,33,6,85,44,123,4,89,124,65,58,84,101,90,73,55,64,86,91,72,74,51,98,105,71,50,95,5,54,119,52,57,22,43,46,79,45,117,107,113,38,61,125,59,30,83,100|_G432435]
  048		 16681.0901349639		[103,88,28,99,78,33,16,117,1,129,111,104,4,15,30,18,42,97,67,109,31,35,112,62,69,96,44,108,60,75,10,70,40,116,125,89,2,7,45,38,34,41,50,3,19,39,46,92,36,121,43,22,13,107,29,82,17,79,53,48,71,57,119,72,74,55,73,90,51,81,8,64,11,91,98,80,102,56,94,105,5,101,66,21,20,12,95,54,59,32,58,120,49,27,114,61,84,77,113,0,106,6,87,83,93,23,86,37,115,76,100,122,26,126,25,85,68,63,128,47,52,9,124,65,127,123,24,118,110,14|_G432834]
  049		 16689.7114866470		[123,69,109,31,62,88,24,93,76,78,33,30,67,112,23,115,72,74,98,64,55,91,90,71,101,5,9,13,120,39,46,34,17,29,89,65,84,124,77,58,107,7,104,2,45,129,127,61,111,15,0,40,70,126,18,99,49,82,38,103,83,35,102,14,86,80,37,56,118,51,73,8,100,110,122,81,117,1,125,36,32,19,21,22,119,121,95,92,59,66,3,48,52,50,12,113,20,43,41,54,57,11,28,97,106,6,25,87,85,128,4,63,68,60,10,108,27,44,75,116,114,79,105,53,16,26,42,96,47,94|_G433233]
  050		 16729.4698766752		[13,9,66,12,32,107,58,124,65,77,82,29,20,7,70,49,108,75,15,61,27,114,104,2,45,19,46,39,95,125,89,84,4,44,60,123,109,34,117,79,17,113,116,120,30,43,121,54,119,41,22,59,101,50,57,90,52,36,21,105,53,23,14,88,93,103,96,128,85,126,42,33,115,94,28,73,64,55,98,91,48,72,74,51,81,80,83,47,62,67,69,106,18,24,35,6,25,129,38,1,16,99,26,97,31,112,118,76,110,122,56,8,102,11,78,3,71,5,127,111,40,0,92,37,86,100,87,68,63,10|_G433632]
  051		 16779.4236225808		[127,70,44,15,4,27,104,61,114,29,12,36,124,120,32,41,50,119,59,54,34,53,105,57,78,11,51,80,56,72,73,48,92,66,95,121,39,13,52,22,101,46,20,17,19,117,107,7,3,71,74,102,28,67,24,97,112,93,86,64,55,91,37,115,23,30,16,126,106,69,63,60,128,25,108,0,40,116,2,45,113,38,111,84,89,82,125,79,1,129,75,10,49,58,77,9,21,43,5,94,99,26,103,109,42,31,76,14,88,83,100,81,8,110,122,98,90,18,35,118,47,96,123,87,68,85,6,62,33,65,_G434033]
  052		 16795.8239715525		[59,37,78,57,71,119,41,13,22,43,66,20,49,34,14,115,88,28,99,26,33,40,38,111,116,2,89,15,4,25,126,96,30,53,19,3,50,39,121,36,21,12,95,46,125,45,92,79,17,107,32,117,1,129,16,80,98,64,55,74,51,73,90,105,42,18,97,109,24,31,35,83,93,112,62,67,106,0,44,108,128,68,63,85,47,86,91,11,81,8,100,122,110,102,76,48,52,54,5,101,72,118,56,94,7,82,29,124,65,120,58,9,77,113,61,127,70,10,75,104,27,114,84,60,123,69,103,6,87,23,_G434435]
  053		 16810.6468456264		[106,128,25,87,68,63,85,123,4,10,75,127,40,129,116,2,113,45,32,36,46,92,119,48,52,50,54,105,98,51,55,64,8,102,23,94,76,88,93,112,118,67,31,14,59,12,121,39,7,19,49,114,61,0,104,111,38,44,15,27,124,95,66,20,17,89,58,29,82,107,125,70,108,1,99,26,115,34,22,9,13,21,117,53,30,37,86,91,78,18,109,122,110,81,100,83,97,24,6,103,42,33,16,28,35,47,62,96,60,69,126,80,56,57,43,79,41,90,73,72,71,74,3,5,120,77,65,84,101,11,_G434837]
  054		 16815.3941257534		[43,46,119,90,73,74,91,78,115,99,33,53,79,107,113,120,125,82,29,77,22,59,54,48,57,50,71,37,86,88,64,8,122,31,97,67,42,18,102,14,26,93,76,35,24,110,112,118,109,23,98,56,51,81,55,100,11,72,105,94,80,28,103,106,6,62,47,16,70,49,40,61,38,45,34,41,92,1,21,39,20,3,19,17,32,36,9,121,101,5,95,116,114,27,65,124,58,7,2,129,104,4,10,87,96,69,25,126,128,60,123,68,63,108,75,15,111,44,127,117,30,0,89,84,66,12,13,52,83,85,_G435239]
  055		 16847.1117152654		[92,20,17,79,125,129,1,117,16,26,33,34,43,22,13,120,124,65,114,27,61,116,111,38,40,2,89,82,107,29,104,0,75,15,4,10,60,123,63,68,85,108,44,127,70,45,7,113,19,3,53,30,86,78,73,91,11,64,51,98,80,14,24,67,62,96,106,99,88,28,115,76,69,23,37,48,105,94,93,83,18,42,97,35,31,112,47,128,6,87,103,41,59,119,71,57,90,8,100,110,102,81,56,109,126,25,118,72,5,50,52,54,39,95,12,46,21,9,32,58,77,84,49,36,121,66,101,74,55,122|_G435639]
  056		 16851.9720788308		[7,125,120,36,46,21,3,53,117,1,16,40,70,104,114,127,82,107,29,32,49,79,45,34,52,50,71,105,57,119,48,41,22,95,66,101,43,94,93,112,118,102,98,56,81,64,28,76,78,18,42,69,63,87,62,97,24,109,88,83,47,67,31,106,126,0,2,113,17,20,58,27,84,129,38,111,44,128,123,96,68,85,25,10,75,4,108,60,61,116,124,89,65,77,121,12,54,19,59,99,37,86,26,30,23,8,73,72,11,91,115,35,100,122,51,74,90,5,9,39,14,103,33,80,55,110,6,15,92,13,_G436040]
  057		 16990.4448891656		[121,66,54,105,48,71,78,33,28,115,11,102,74,73,51,81,56,100,94,23,99,37,3,19,22,95,20,49,0,61,114,116,70,29,82,111,27,84,58,107,17,2,40,38,104,127,10,15,4,44,75,129,7,125,89,77,120,32,34,1,113,36,59,13,12,101,9,41,92,50,21,45,43,119,57,46,52,16,14,18,88,42,126,6,69,128,108,63,87,85,24,109,67,97,96,62,103,47,83,55,93,118,122,110,64,86,72,91,98,90,5,117,79,53,39,26,30,106,60,123,112,31,35,76,80,8,68,25,124,65,_G436442]
  058		 17013.5250870612		[65,120,2,116,104,27,124,29,114,61,127,108,0,44,4,15,69,123,26,18,99,33,34,49,113,9,13,39,121,57,41,52,119,54,90,98,74,51,73,64,55,86,91,80,83,35,100,110,122,81,8,56,118,47,97,109,93,112,24,102,88,14,115,72,11,105,43,66,46,21,36,125,45,92,1,53,19,16,79,38,82,58,10,75,111,7,32,17,107,20,22,95,12,77,50,48,59,3,37,78,71,5,101,40,126,96,106,42,67,62,28,23,30,103,94,76,6,87,68,63,85,25,128,60,70,117,129,89,84,31,_G436844]
  059		 17060.2264336805		[69,33,126,67,62,106,30,28,88,26,53,34,19,7,117,107,66,46,3,41,22,20,36,21,121,54,39,92,32,17,45,125,58,124,65,29,89,114,61,104,116,49,70,2,113,127,4,15,60,108,85,25,123,38,43,59,72,73,56,110,112,31,35,83,118,24,6,97,109,18,79,129,99,96,87,68,63,128,75,10,40,44,0,111,120,13,9,5,95,50,101,90,71,78,37,86,98,102,64,11,91,105,48,119,51,74,57,94,115,23,80,93,81,14,16,42,103,47,1,82,84,77,12,52,76,100,122,55,8,27,_G437246]
  060		 17061.9170247820		[8,102,93,88,23,94,91,86,81,55,64,100,122,76,11,80,28,42,33,16,99,109,24,47,62,69,35,112,67,83,14,18,128,123,60,4,75,108,15,44,25,87,126,30,78,118,97,37,48,52,50,119,71,72,56,98,57,90,74,41,34,117,1,70,38,49,19,59,17,7,107,2,29,82,77,125,58,113,45,32,21,3,95,66,101,54,43,36,22,92,121,12,20,53,115,26,105,46,9,116,127,103,40,129,79,0,111,61,27,114,89,124,65,84,104,10,106,63,85,68,96,6,31,51,73,110,39,13,5,120,_G437648]
  061		 17091.9384837872		[102,55,74,122,110,112,47,88,14,76,31,103,28,23,30,33,126,106,109,18,69,6,123,85,25,87,128,49,70,44,108,60,15,61,29,113,53,26,11,51,8,81,56,73,64,80,86,94,115,42,96,99,34,52,50,41,48,13,43,21,121,54,39,92,22,59,119,3,46,7,32,17,129,45,1,20,36,125,2,16,78,71,57,37,105,91,35,83,118,67,62,24,93,97,68,63,10,75,4,127,111,40,107,77,82,120,124,84,65,89,114,104,116,38,0,79,117,66,12,58,19,9,95,5,98,100,72,90,101,27|_G438048]
  062		 17179.3034525479		[109,67,42,30,18,97,112,83,86,64,122,98,101,21,7,2,49,116,114,17,3,22,48,37,105,52,50,36,45,107,79,53,99,78,28,14,76,88,93,118,110,100,55,102,91,90,71,72,73,8,56,81,51,39,46,20,125,120,58,82,29,113,111,38,0,104,129,1,40,15,44,75,10,128,60,127,25,85,87,96,69,103,23,115,106,33,16,62,47,35,94,11,80,57,74,119,41,43,13,27,124,89,84,61,4,68,126,26,117,19,59,54,77,65,95,66,12,121,9,5,32,92,108,123,63,70,34,24,31,6|_G438447]
  063		 17198.4540190105		[90,98,74,102,55,100,83,35,115,94,28,76,11,72,73,81,56,88,42,69,6,96,67,62,24,33,126,108,60,15,4,10,75,40,129,104,116,114,61,84,12,13,9,101,50,41,52,92,39,34,45,43,119,48,71,105,37,86,64,78,16,20,36,22,95,5,57,49,70,113,58,29,89,65,77,124,120,2,17,32,82,111,27,44,127,0,128,87,63,1,117,21,121,54,66,46,3,7,19,38,79,125,99,23,53,14,26,109,93,97,18,30,103,47,31,106,112,80,91,51,8,110,122,118,59,107,123,25,68,85|_G438846]
  064		 17201.3085801363		[25,69,42,88,28,23,115,78,37,86,81,51,56,118,11,64,8,122,112,93,109,62,6,87,128,123,60,10,63,96,106,103,99,57,71,90,91,119,43,22,3,19,117,38,40,0,70,61,44,127,2,116,111,27,65,77,29,125,34,53,79,17,92,107,113,45,129,16,18,26,94,80,102,74,73,98,59,21,46,54,121,101,41,36,66,52,13,12,95,32,39,20,50,105,72,76,110,1,104,4,89,124,114,84,82,15,75,85,108,30,14,67,47,35,31,97,24,48,5,9,58,7,120,49,33,83,100,55,126,68,_G439247]
  065		 17202.3006919094		[35,88,25,60,123,44,75,126,63,68,67,109,62,96,6,112,80,23,16,106,33,28,53,117,116,38,104,114,40,15,4,128,108,10,111,7,32,21,20,54,66,95,121,22,39,48,41,36,49,2,77,120,125,107,45,58,127,17,92,59,13,5,9,50,52,71,101,98,91,72,115,105,3,34,99,94,37,18,30,42,26,93,76,31,47,103,79,43,119,46,57,90,102,118,86,74,56,81,110,11,14,97,24,87,85,69,70,113,29,124,89,82,61,27,84,65,12,19,1,129,0,78,55,64,8,51,73,100,122,83,_G439649]
  066		 17251.8708221249		[125,29,84,65,114,116,111,104,127,38,113,77,58,124,120,32,17,117,59,48,90,71,74,73,80,94,18,109,93,76,31,24,64,37,86,11,98,57,43,92,9,95,21,12,13,22,66,54,50,121,39,46,19,3,41,119,34,7,61,129,27,2,40,103,105,91,79,49,1,70,30,115,14,23,26,88,99,33,126,69,25,47,87,42,106,123,108,60,4,67,62,83,35,122,118,97,16,78,55,102,56,53,20,36,45,107,10,44,15,75,63,68,96,128,6,85,0,28,72,51,8,81,100,110,112,52,5,101,82,89|_G440049]
  067		 17266.6139032123		[124,84,89,114,116,82,125,2,40,127,70,58,77,111,108,44,10,68,63,60,87,25,33,30,115,109,42,96,24,67,93,56,72,90,37,91,22,92,59,119,41,48,73,64,80,86,94,53,105,57,71,74,55,122,110,112,97,18,99,78,11,51,81,8,102,35,83,118,76,14,88,28,23,16,49,20,19,21,43,121,13,39,46,50,52,34,7,107,3,54,101,66,95,32,17,117,29,113,38,0,61,104,15,45,1,129,79,126,62,103,26,31,123,69,6,106,100,47,85,128,75,4,27,65,120,12,36,5,9,98|_G440448]
  068		 17272.2003145843		[30,117,1,129,116,2,17,45,113,107,38,58,84,61,104,27,0,70,40,120,77,124,89,65,7,29,82,125,49,92,46,90,101,50,57,119,54,13,12,66,95,9,39,21,32,34,99,26,42,67,62,24,97,35,47,83,100,72,37,115,80,76,88,28,16,18,14,93,112,118,8,81,56,64,55,51,74,94,11,91,86,73,71,36,121,19,78,109,69,126,96,25,60,44,15,10,75,128,108,123,4,111,33,103,106,20,41,59,105,43,53,79,22,52,5,48,3,6,87,68,63,127,114,23,31,102,110,122,98,85|_G440847]
  069		 17303.3944276464		[110,100,56,51,11,30,115,78,37,23,18,16,19,39,50,3,45,7,17,79,92,107,125,20,22,59,43,21,5,41,95,66,12,46,32,9,121,54,119,71,90,91,34,117,1,103,96,6,87,62,109,26,40,38,10,70,49,129,53,33,128,61,15,63,68,126,25,69,106,0,104,114,27,75,29,82,113,111,116,127,108,4,123,60,42,67,118,24,112,31,35,97,102,76,88,93,28,94,57,98,73,72,64,55,81,122,8,74,48,101,13,52,36,120,2,89,84,58,86,80,99,47,83,14,105,124,65,77,44,85,_G441248]
  070		 17350.4988794315		[82,124,89,104,111,7,43,41,57,86,78,23,109,126,44,75,60,63,123,30,16,115,97,69,128,108,10,4,127,40,2,116,0,1,99,80,11,72,73,8,100,56,28,105,119,50,121,22,13,12,101,5,98,91,81,51,102,55,110,76,35,93,88,42,67,47,31,94,64,71,90,52,37,14,33,129,61,84,65,29,125,77,120,39,54,95,66,32,36,45,19,46,21,3,107,58,20,17,113,79,49,34,106,38,6,25,68,87,85,96,112,24,103,26,18,83,118,122,74,48,59,92,117,53,70,15,114,27,9,62|_G441648]
  071		 17390.3451969070		[20,113,82,38,61,75,108,10,44,15,0,106,30,62,24,18,115,94,28,35,47,87,63,31,81,56,11,102,76,14,33,112,88,83,26,42,40,116,29,89,58,77,124,70,111,104,114,27,127,129,1,53,34,92,39,12,22,119,3,19,46,95,9,13,36,50,121,21,32,7,43,59,48,54,66,120,2,84,65,101,17,117,107,125,79,49,45,78,105,52,41,5,90,73,110,74,91,80,72,57,71,55,8,51,98,86,64,23,99,16,126,96,69,67,118,122,100,103,25,6,97,93,123,128,60,4,68,85,109,37,_G442049]
  072		 17438.3493498368		[31,122,100,78,11,94,30,26,62,47,103,69,68,42,106,109,102,55,28,37,14,99,34,33,53,115,23,18,112,24,35,80,91,71,48,59,54,46,66,9,13,39,32,2,129,19,49,79,17,125,77,89,27,127,70,0,75,15,38,44,10,108,87,123,60,4,40,116,114,61,113,104,111,41,43,92,20,7,45,107,82,12,95,73,74,51,98,72,105,119,3,57,64,1,126,128,25,63,96,85,83,8,86,118,97,93,16,88,67,6,76,110,56,81,90,5,101,21,36,22,121,50,52,120,58,29,124,84,65,117|_G442449]
  073		 17461.0276280455		[7,20,45,49,19,113,17,120,82,70,27,104,61,44,15,75,10,60,4,127,40,114,29,125,107,117,1,38,58,116,2,32,13,57,119,71,43,12,66,101,121,39,21,36,41,54,9,92,34,46,77,89,124,65,129,126,69,6,47,76,31,23,88,94,99,26,18,62,109,35,67,24,97,14,93,112,42,16,105,98,48,50,3,53,79,22,95,84,106,80,115,78,102,86,64,55,51,81,8,73,72,11,28,103,96,87,68,85,63,108,0,111,30,37,91,52,59,5,56,100,122,110,118,83,33,128,123,74,90,25,_G442850]
  074		 17463.5637210109		[32,66,9,13,95,121,5,90,71,74,98,11,56,81,51,72,57,55,100,110,122,23,94,97,24,76,78,52,50,36,119,48,41,16,113,7,111,26,88,109,93,37,105,53,117,1,43,46,54,22,3,18,30,33,0,38,116,70,61,82,124,20,40,129,45,2,58,29,27,65,17,15,67,62,25,87,69,123,60,108,10,44,75,127,114,89,84,4,126,106,6,96,85,68,63,49,19,79,34,21,12,125,104,128,42,31,83,99,14,28,86,80,118,112,35,102,64,8,73,59,92,39,107,120,77,101,91,115,103,47|_G443250]
  075		 17521.2705586787		[61,4,60,128,6,85,63,123,25,69,108,106,14,115,42,118,112,28,64,76,31,24,67,62,109,18,16,78,99,88,47,97,87,104,114,65,129,17,7,32,22,46,121,54,50,52,48,119,39,95,101,59,57,43,92,36,20,49,1,70,45,107,82,89,40,2,116,111,38,15,10,44,75,53,3,19,41,34,30,33,26,23,93,80,91,105,11,86,37,73,74,81,8,100,110,51,13,120,29,125,79,117,12,21,9,77,66,90,71,5,98,72,55,102,94,35,83,122,56,126,0,127,27,124,58,113,84,103,96,68|_G443649]
  076		 17597.0794901344		[89,65,120,32,92,45,17,107,82,29,113,116,38,70,104,111,125,79,53,30,103,24,28,81,110,76,31,47,62,67,109,26,99,11,73,56,122,100,8,78,37,52,105,41,59,5,9,21,36,43,121,66,54,50,48,71,101,13,12,77,58,84,7,19,117,3,57,72,86,115,16,34,1,40,44,0,4,75,68,6,87,85,69,60,10,108,61,127,2,49,20,22,46,94,74,64,80,55,88,18,102,51,90,98,91,33,106,128,14,93,97,83,118,23,129,15,27,126,42,96,63,25,123,114,124,119,112,35,39,95,_G444050]
  077		 17642.4841937415		[84,124,114,113,19,20,12,22,121,52,119,37,78,64,74,122,56,100,55,81,73,98,51,90,50,59,71,91,86,14,33,16,49,116,61,40,0,70,129,117,41,48,72,8,102,80,94,23,99,115,76,88,93,109,31,11,28,42,69,103,35,118,24,6,96,47,60,108,85,10,111,27,15,44,127,89,107,7,58,125,79,17,92,43,13,9,46,54,36,120,2,29,82,38,34,57,3,26,30,105,21,5,66,95,45,32,39,53,1,104,97,110,83,112,106,126,62,67,123,75,4,68,87,63,25,128,18,77,65,101|_G444450]
  078		 17664.5716788646		[90,72,51,74,98,71,78,11,105,43,9,13,39,21,36,46,66,77,125,114,111,40,0,126,99,33,1,3,37,34,109,93,23,76,64,73,8,56,122,110,100,81,86,55,102,88,80,91,18,30,103,123,62,96,87,75,4,44,6,25,128,60,85,97,47,118,26,14,106,42,67,31,83,112,24,35,119,52,5,20,107,17,2,124,29,15,61,104,82,116,129,117,92,22,95,121,32,45,7,89,19,53,59,54,101,48,50,57,41,115,79,38,70,16,94,28,108,10,113,58,49,127,63,69,68,27,65,84,120,12,_G444851]
  079		 17761.8899476307		[65,120,2,116,104,27,124,29,114,61,127,108,0,44,4,15,69,123,26,18,99,33,34,49,113,9,13,39,121,57,41,52,119,54,8,98,74,51,73,64,55,86,91,80,83,35,100,110,122,81,90,56,118,47,97,109,93,112,24,102,88,14,115,72,11,105,43,66,46,21,36,125,45,92,1,53,19,16,79,38,82,58,10,75,111,7,32,17,107,20,22,95,12,77,50,48,59,3,37,78,71,5,101,40,126,96,106,42,67,62,28,23,30,103,94,76,6,87,68,63,85,25,128,60,70,117,129,89,84,31,_G445253]
  080		 17772.3417794144		[27,15,111,104,38,19,39,117,41,43,121,21,32,7,129,127,75,96,6,93,78,30,42,53,79,2,82,29,113,17,92,22,95,89,58,120,70,61,0,24,83,97,47,67,109,31,76,11,72,91,54,50,99,94,23,37,52,105,71,59,3,45,16,1,36,66,12,20,46,125,107,116,114,65,84,124,77,9,57,119,13,5,101,48,74,98,64,8,33,106,28,18,80,56,90,51,118,35,25,123,128,69,26,126,40,49,34,14,62,68,60,44,4,85,87,63,108,10,112,88,115,86,73,55,102,100,122,110,81,103|_G445653]
  081		 17782.2578342173		[20,113,82,38,61,75,108,10,44,15,0,106,30,62,24,18,115,94,28,35,47,87,63,31,81,56,11,102,76,14,33,112,88,83,26,42,40,116,29,89,58,77,124,70,111,104,114,27,127,129,1,53,34,92,39,12,22,119,3,19,46,95,9,13,36,50,121,21,32,7,43,59,48,54,66,120,2,84,65,101,17,117,107,125,79,49,45,78,105,52,41,5,90,73,110,74,91,80,72,57,71,55,8,51,98,86,64,23,99,16,126,96,69,67,118,122,100,103,25,6,97,93,123,128,85,4,68,60,109,37,_G446054]
  082		 17806.8685082374		[119,71,37,86,81,55,64,8,103,106,6,62,69,47,118,97,67,42,16,99,33,23,88,93,109,24,102,14,76,35,112,11,80,94,28,72,56,98,90,57,91,74,73,59,54,43,36,32,95,22,45,113,58,114,2,107,17,7,29,65,27,61,89,84,38,70,49,19,3,21,48,52,46,125,120,82,104,40,129,116,10,4,60,128,123,68,126,30,78,115,53,79,0,87,25,108,75,15,44,127,111,124,77,66,41,34,105,1,117,26,39,20,50,121,9,101,5,100,110,83,122,51,92,13,12,96,63,85,18,31|_G446454]
  083		 17944.1900641145		[45,34,17,107,104,2,125,117,113,49,38,40,70,0,127,116,53,1,16,37,11,80,98,78,33,30,28,72,23,18,14,62,24,47,109,42,126,123,60,63,85,6,69,67,88,26,94,102,55,100,35,31,112,64,81,8,73,71,48,90,91,105,86,74,119,39,92,36,20,13,101,3,32,19,46,95,66,121,12,59,41,43,50,114,27,61,10,108,15,106,93,97,103,96,87,68,128,129,111,29,84,65,124,58,120,7,89,82,22,54,77,115,25,44,75,79,21,52,57,99,76,118,122,110,83,56,51,5,9,4,_G446855]
  084		 17954.8230902081		[69,128,108,85,87,62,123,6,127,32,36,39,95,101,13,121,22,20,17,117,105,52,50,119,3,53,79,49,70,2,116,114,84,65,29,125,92,48,59,19,46,21,66,9,34,7,43,41,54,77,120,89,124,104,111,38,44,75,60,10,129,15,27,103,23,26,37,57,72,74,122,86,78,28,94,93,64,100,110,102,55,81,91,71,90,51,8,35,31,118,112,76,80,11,115,30,16,1,99,0,18,83,97,106,96,47,24,67,109,126,63,68,4,40,61,82,107,45,33,14,56,73,88,42,25,58,113,12,5,98,_G447257]
  085		 17994.5858979437		[12,66,95,107,29,111,61,129,116,40,104,27,114,127,53,38,58,89,124,10,75,128,126,96,25,63,68,87,6,62,69,47,35,83,109,18,37,11,80,94,78,98,76,31,118,112,93,88,24,103,15,113,7,125,36,21,13,3,71,41,50,119,91,86,55,64,56,72,74,73,102,28,8,122,67,30,33,42,26,115,99,16,1,117,19,49,43,52,110,57,5,48,90,51,81,100,14,44,4,108,123,60,85,65,32,121,120,82,20,46,54,59,9,22,39,92,45,34,79,17,2,70,0,97,106,23,101,105,77,84|_G447657]
  086		 18016.1836888548		[35,76,80,115,99,78,33,16,23,86,11,93,47,97,67,31,96,69,62,28,42,79,53,3,92,39,46,22,121,43,105,41,34,19,117,30,18,37,71,48,119,57,32,21,20,49,2,7,107,116,125,124,84,89,129,1,111,104,4,15,87,103,88,14,112,110,81,55,74,98,90,51,91,8,56,102,118,72,94,100,122,83,126,26,128,63,85,68,109,123,10,75,108,60,106,6,24,40,70,82,29,17,120,77,58,113,45,38,50,54,59,13,95,9,12,65,27,0,127,25,44,61,36,66,5,101,52,73,64,114|_G448056]
  087		 18066.4342920899		[119,46,92,43,57,94,11,74,73,81,8,100,110,86,37,52,72,115,14,42,106,33,103,88,28,41,3,19,7,113,114,127,63,68,96,25,60,4,44,2,17,45,107,49,1,117,36,20,70,0,30,67,62,24,31,109,18,16,78,99,34,95,66,12,9,5,90,71,91,105,59,101,121,50,54,13,21,32,58,124,77,29,125,120,82,27,40,75,128,108,123,69,93,23,26,53,79,38,10,15,126,111,116,129,61,104,84,89,87,6,47,35,83,97,85,122,56,64,55,51,80,102,39,22,48,76,118,112,98,65|_G448455]
  088		 18141.6712924511		[22,21,36,121,13,54,5,9,119,41,53,70,40,0,15,34,17,7,32,95,101,46,52,105,57,48,50,90,79,107,125,29,82,49,19,38,111,127,44,75,129,1,117,3,45,92,66,59,43,23,80,102,76,86,56,72,64,55,81,11,18,126,60,10,63,68,85,87,6,69,109,35,28,42,26,103,97,67,88,31,62,96,123,33,24,83,14,94,37,74,98,71,20,124,89,58,114,104,116,27,84,65,108,128,4,106,99,47,118,51,100,110,122,93,115,30,112,16,78,8,73,91,113,61,77,120,2,39,12,25|_G448854]
  089		 18161.7949195454		[108,4,114,116,32,22,41,43,3,119,48,99,126,103,23,97,83,18,115,26,42,30,94,93,31,64,56,81,122,112,14,78,28,16,62,69,47,35,25,15,40,111,27,113,107,7,21,77,84,89,120,58,29,46,36,59,12,95,125,20,17,0,70,129,117,19,34,39,50,13,101,121,9,66,5,37,80,88,24,109,67,63,106,96,87,85,6,128,60,75,44,1,33,86,57,54,90,71,105,52,91,74,102,76,118,110,100,55,72,73,11,49,79,53,92,45,2,104,61,38,124,10,127,82,65,68,123,98,51,8|_G449253]
  090		 18227.0800523302		[116,40,53,1,17,82,113,120,84,89,77,124,114,111,125,29,65,32,21,43,92,3,70,127,42,109,106,6,16,79,129,107,36,54,59,119,52,48,72,8,51,74,98,90,37,91,73,55,23,115,30,33,69,67,76,118,102,80,100,122,24,47,97,112,18,14,28,78,99,94,93,103,75,4,44,123,10,49,27,128,63,68,85,96,108,60,15,61,104,19,58,26,86,105,95,22,50,41,13,20,46,117,38,45,34,7,2,12,121,39,57,11,35,31,83,110,81,64,88,56,101,5,9,71,66,126,62,25,87,0,_G449654]
  091		 18334.1696292453		[106,97,23,115,30,42,33,0,1,99,16,126,75,10,44,4,49,79,17,117,107,45,34,92,125,7,70,114,116,89,58,77,19,32,46,120,121,39,50,41,119,3,36,21,13,12,95,9,22,2,66,54,20,82,124,101,52,43,129,27,104,111,61,127,38,113,15,128,25,96,67,31,118,83,35,109,93,76,55,64,37,14,26,88,112,80,11,86,8,81,100,51,71,57,98,72,73,94,78,102,28,103,105,29,84,65,40,108,60,63,68,85,123,91,18,69,62,47,24,53,6,87,122,56,74,48,59,90,5,110|_G450054]
  092		 18390.9619418952		[20,36,59,72,94,115,28,76,11,73,81,56,88,42,69,6,24,62,67,96,33,126,108,60,15,4,10,75,40,127,44,27,2,17,32,29,89,65,77,82,111,0,128,87,63,1,34,26,14,109,31,18,30,106,112,110,122,118,93,97,80,91,105,48,71,51,8,45,43,119,3,46,7,19,38,117,124,120,21,121,54,66,107,58,70,49,57,37,86,64,78,16,52,50,101,9,41,92,39,5,95,22,113,53,23,99,129,104,116,114,61,84,12,13,125,79,103,47,25,68,85,123,35,83,100,55,102,74,98,90,_G450455]
  093		 18406.4326550582		[107,58,7,2,17,113,125,89,124,82,29,32,77,65,12,13,59,36,79,43,54,66,121,5,22,95,20,117,38,108,63,87,68,85,128,69,42,88,6,0,104,127,40,45,39,120,21,19,92,3,37,99,23,94,105,48,71,51,100,122,110,8,72,86,64,56,81,31,14,26,34,1,103,96,62,67,109,80,118,93,30,33,78,76,28,115,11,55,83,24,47,25,112,106,18,35,16,53,70,116,114,27,84,15,4,10,44,61,52,57,119,90,98,49,46,50,73,74,102,97,126,60,111,129,75,123,41,9,101,91,_G450857]
  094		 18736.8778160771		[83,122,110,100,73,8,91,105,52,46,101,95,32,21,22,34,17,7,58,89,27,84,65,125,107,79,50,48,57,90,54,13,5,9,119,121,36,41,53,70,40,0,15,25,103,26,42,35,28,97,93,24,96,123,62,88,31,33,49,82,29,19,38,111,127,44,75,129,61,20,124,77,43,86,102,80,76,56,72,115,30,67,112,23,16,78,51,118,47,106,14,94,37,74,98,71,59,66,92,45,3,117,1,4,128,108,116,114,104,99,39,120,2,12,113,18,11,55,64,81,126,60,10,63,68,85,87,6,69,109,_G451259]
  095		 18759.2048206696		[59,37,78,57,71,119,41,13,22,43,66,20,49,34,14,115,88,28,99,26,33,40,38,111,116,2,89,15,4,25,126,96,30,53,19,3,50,39,121,36,21,12,95,46,125,45,92,79,17,107,32,117,1,129,16,80,98,64,55,74,51,73,90,105,42,18,97,109,24,31,35,83,93,112,62,67,106,0,44,108,128,68,11,85,47,86,91,63,81,8,100,122,110,102,76,48,52,54,5,101,72,118,56,94,7,82,29,124,65,120,58,9,77,113,61,127,70,10,75,104,27,114,84,60,123,69,103,6,87,23,_G451661]
  096		 18787.9679139713		[49,107,92,45,125,79,105,98,71,90,39,21,36,41,13,54,119,5,9,19,53,23,16,0,44,4,6,25,103,30,28,35,31,88,11,18,67,62,126,60,10,27,89,58,17,32,7,117,1,70,114,104,82,65,84,40,116,128,108,85,68,63,75,111,127,61,38,29,129,34,43,77,20,22,46,59,101,95,66,12,121,113,91,55,56,73,8,64,122,100,115,72,51,37,78,102,80,76,83,94,109,97,93,24,69,96,123,15,124,50,48,57,86,26,14,106,33,87,47,112,118,42,52,74,81,110,99,3,2,120,_G452063]
  097		 18949.0466232807		[66,46,41,36,34,49,26,18,80,94,28,62,109,33,99,78,115,37,86,57,71,119,43,5,101,121,105,72,73,74,102,76,35,67,97,24,14,93,64,8,9,77,124,89,84,17,16,70,61,44,60,128,123,68,85,75,38,40,116,2,7,58,127,117,54,59,21,13,12,3,19,22,45,82,29,125,120,113,104,129,114,65,27,4,10,108,25,69,47,31,110,48,52,11,55,81,51,98,56,118,112,42,88,100,83,0,111,1,92,79,53,107,30,96,87,63,6,106,103,91,90,50,95,32,39,20,15,126,23,122,_G452465]
  098		 19035.5961314038		[0,70,127,116,111,10,123,60,38,44,108,87,6,75,15,1,117,54,46,107,3,57,98,51,11,94,30,26,40,4,104,113,45,82,114,61,49,129,19,39,32,2,121,95,101,9,13,66,77,125,79,17,92,20,29,89,58,120,124,65,12,22,59,43,41,115,23,78,37,34,16,88,28,33,53,18,109,106,97,93,14,99,62,47,112,24,35,31,100,110,102,76,55,122,118,67,69,103,96,85,7,27,84,105,91,86,83,64,74,73,8,80,81,48,71,119,50,36,90,56,42,63,68,126,128,25,21,52,5,72|_G452865]
  099		 19039.9583177804		[129,113,116,40,1,36,43,34,78,23,86,11,3,48,54,107,127,70,0,117,99,115,37,14,28,76,110,100,56,8,55,91,72,64,51,98,52,121,66,59,46,20,77,50,45,17,41,33,62,67,93,126,25,103,97,112,102,35,24,53,32,39,13,95,21,19,2,82,125,79,44,15,4,108,60,10,111,65,29,120,12,22,89,75,128,63,85,87,42,26,30,94,73,74,57,71,90,118,80,81,122,109,31,69,83,18,106,92,5,101,9,119,49,7,38,61,27,105,16,88,47,6,96,123,68,104,58,124,84,114,_G453266]
  100		 19068.8568507014		[20,21,66,105,43,121,12,77,120,113,65,127,27,58,84,116,125,92,39,46,124,17,82,29,32,95,50,54,59,19,79,53,16,33,23,86,76,102,81,8,64,91,18,30,28,62,69,96,44,109,88,14,103,87,97,67,31,123,15,4,104,129,70,40,38,7,2,114,0,106,6,24,47,26,78,99,117,45,34,41,119,48,3,22,13,107,57,71,37,11,56,74,72,94,80,115,42,126,68,61,10,75,108,60,63,85,25,49,89,36,52,90,73,51,55,118,112,93,83,110,35,100,122,128,111,1,9,101,5,98|_G453666]
=================================================================================================================================================================== 
