=================================================================================================================================================================== 
                                                         Resultados Algoritmo Genético Caixeiro Viajante                                                           
=================================================================================================================================================================== 
                                                                            Parâmetros                                                                             
------------------------------------------------------------------------------------------------------------------------------------------------------------------- 
	Data =  28/05/2015 16:40:40 	Tempo de execução =  1.404s 	Tamanho da população =  5 	Número de gerações =  10

	Taxa de migração =  10.00% 		Limite de erro =  122200 			Limite do Torneio em Habitat =  1.00

=================================================================================================================================================================== 
                                                                            Soluções                                                                              
Posição  		Distância                                                              Trajeto                                                              
------------------------------------------------------------------------------------------------------------------------------------------------------------------- 
  001		 8675.5945839623		[33,30,18,115,86,80,11,78,94,28,23,14,99,26,42,106,126,103,62,67,47,97,109,88,112,31,83,118,35,24,6,63,68,87,85,128,123,25,96,69,60,108,75,10,4,44,15,127,104,61,111,116,38,70,40,0,1,117,79,45,19,17,7,107,125,113,2,49,129,34,16,53,3,41,50,59,119,48,52,57,105,71,90,98,74,73,51,8,55,56,81,100,122,110,102,76,93,64,72,91,37,54,121,46,39,36,22,21,92,43,32,20,82,29,58,120,77,89,124,84,65,27,114,12,66,95,13,9,101,5|_G57389]
  002		 8919.1219067535		[11,80,86,102,76,93,88,109,97,24,47,62,67,6,69,96,25,123,128,60,108,75,10,4,44,15,127,104,61,111,116,38,70,40,0,106,126,42,103,33,30,26,99,23,14,28,94,78,37,48,57,52,119,59,41,50,54,121,46,39,36,22,21,92,43,19,45,79,117,1,34,105,71,91,72,115,18,16,53,3,32,20,17,7,107,125,113,82,2,29,58,120,77,89,84,124,65,27,114,49,129,63,68,87,85,112,31,83,118,35,73,74,51,8,55,56,81,100,122,110,64,98,90,5,101,9,13,66,95,12|_G57788]
  003		 9625.8037958067		[102,76,80,86,37,94,78,28,23,14,99,26,42,69,96,25,123,128,60,108,44,0,38,70,40,129,49,79,117,19,45,17,7,107,125,113,2,116,111,104,61,127,15,4,10,75,126,106,103,33,30,53,1,16,18,115,72,73,74,51,8,55,56,81,100,122,110,64,98,91,71,48,52,50,59,119,57,105,41,3,20,32,92,21,46,39,36,22,43,54,121,95,66,12,13,9,101,5,90,11,93,6,24,109,97,47,67,62,88,112,31,83,118,35,85,87,68,63,82,29,58,120,77,65,84,124,89,27,114,34|_G58187]
  004		 9778.6008787088		[38,116,111,104,61,127,15,4,10,75,25,96,69,6,67,62,47,97,109,24,35,118,83,31,112,93,88,28,14,23,94,78,11,37,53,3,32,20,17,45,19,79,117,92,43,39,46,36,22,95,12,66,13,9,5,101,21,121,54,50,41,59,52,119,48,57,105,71,91,72,86,80,102,76,115,18,16,129,49,40,2,82,29,120,77,58,89,84,124,65,27,114,113,125,107,7,1,34,30,33,103,42,26,99,126,106,70,0,108,44,60,128,123,63,68,87,85,100,122,110,81,56,64,55,8,51,73,74,98,90,_G58588]
  005		 9824.8612058026		[68,63,87,85,6,67,62,47,97,109,88,28,23,14,94,37,48,119,59,41,50,54,121,46,21,22,39,36,92,43,19,45,79,117,1,17,32,20,7,107,125,113,82,29,58,120,77,89,84,124,65,27,114,61,116,111,104,127,15,44,75,108,60,128,123,25,96,69,126,106,42,26,99,103,33,30,18,115,86,72,91,71,57,52,105,34,2,49,129,16,53,3,40,10,4,70,38,0,24,31,112,35,118,83,93,76,102,80,11,78,73,51,74,98,8,64,55,56,81,100,122,110,90,5,101,9,13,66,95,12|_G58988]
=================================================================================================================================================================== 
