=================================================================================================================================================================== 
                                                         Resultados Algoritmo Genético Caixeiro Viajante                                                           
=================================================================================================================================================================== 
                                                                            Parâmetros                                                                             
------------------------------------------------------------------------------------------------------------------------------------------------------------------- 
	Data =  02/06/2015 16:05:18 	Tempo de execução =  7.847s 	Tamanho da população =  100 	Número de gerações =  2

	Taxa de migração =  10.00% 		Limite de erro =  122200 			Limite do Torneio em Habitat =  1.00

=================================================================================================================================================================== 
                                                                            Soluções                                                                              
Posição  		Distância                                                              Trajeto                                                              
------------------------------------------------------------------------------------------------------------------------------------------------------------------- 
  001		 15269.8420298314		[92,36,46,95,9,20,125,22,39,21,32,7,2,61,44,38,58,116,75,108,10,4,111,70,82,114,27,127,40,49,34,3,30,18,99,16,19,79,53,117,45,113,17,129,107,89,77,104,0,69,63,68,85,87,96,42,26,93,67,14,23,102,76,64,110,100,122,81,35,97,83,47,62,24,25,60,123,15,128,103,106,33,126,115,88,109,112,80,91,98,51,56,72,74,73,55,94,105,90,52,48,37,28,31,118,86,8,11,71,54,13,121,66,12,5,101,50,41,59,43,119,57,78,6,1,124,84,65,29,120|_G372839]
  002		 16254.6799410775		[28,42,16,99,93,88,109,24,6,96,25,87,85,63,108,75,15,44,123,128,69,62,47,118,35,112,110,56,8,55,64,100,122,76,51,11,80,86,94,26,117,1,49,70,38,40,53,19,46,32,125,111,124,84,120,77,17,7,107,2,116,82,129,104,61,27,89,114,4,10,60,127,126,30,78,105,43,92,79,0,34,41,59,121,50,36,54,95,66,12,13,9,101,90,57,91,48,52,72,71,119,5,3,21,39,113,58,29,45,23,37,14,67,97,81,98,74,115,102,103,33,31,83,18,106,68,20,22,65,73|_G373238]
  003		 16689.7114866470		[123,69,109,31,62,88,24,93,76,78,33,30,67,112,23,115,72,74,98,64,55,91,90,71,101,5,9,13,120,39,46,34,17,29,89,65,84,124,77,58,107,7,104,2,45,129,127,61,111,15,0,40,70,126,18,99,49,82,38,103,83,35,102,14,86,80,37,56,118,51,73,8,100,110,122,81,117,1,125,36,32,19,21,22,119,121,95,92,59,66,3,48,52,50,12,113,20,43,41,54,57,11,28,97,106,6,25,87,85,128,4,63,68,60,10,108,27,44,75,116,114,79,105,53,16,26,42,96,47,94|_G373637]
  004		 16779.4236225808		[127,70,44,15,4,27,104,61,114,29,12,36,124,120,32,41,50,119,59,54,34,53,105,57,78,11,51,80,56,72,73,48,92,66,95,121,39,13,52,22,101,46,20,17,19,117,107,7,3,71,74,102,28,67,24,97,112,93,86,64,55,91,37,115,23,30,16,126,106,69,63,60,128,25,108,0,40,116,2,45,113,38,111,84,89,82,125,79,1,129,75,10,49,58,77,9,21,43,5,94,99,26,103,109,42,31,76,14,88,83,100,81,8,110,122,98,90,18,35,118,47,96,123,87,68,85,6,62,33,65|_G374036]
  005		 16795.8239715525		[59,37,78,57,71,119,41,13,22,43,66,20,49,34,14,115,88,28,99,26,33,40,38,111,116,2,89,15,4,25,126,96,30,53,19,3,50,39,121,36,21,12,95,46,125,45,92,79,17,107,32,117,1,129,16,80,98,64,55,74,51,73,90,105,42,18,97,109,24,31,35,83,93,112,62,67,106,0,44,108,128,68,63,85,47,86,91,11,81,8,100,122,110,102,76,48,52,54,5,101,72,118,56,94,7,82,29,124,65,120,58,9,77,113,61,127,70,10,75,104,27,114,84,60,123,69,103,6,87,23|_G374435]
  006		 16810.6468456264		[106,128,25,87,68,63,85,123,4,10,75,127,40,129,116,2,113,45,32,36,46,92,119,48,52,50,54,105,98,51,55,64,8,102,23,94,76,88,93,112,118,67,31,14,59,12,121,39,7,19,49,114,61,0,104,111,38,44,15,27,124,95,66,20,17,89,58,29,82,107,125,70,108,1,99,26,115,34,22,9,13,21,117,53,30,37,86,91,78,18,109,122,110,81,100,83,97,24,6,103,42,33,16,28,35,47,62,96,60,69,126,80,56,57,43,79,41,90,73,72,71,74,3,5,120,77,65,84,101,11|_G374834]
  007		 16815.3941257534		[43,46,119,90,73,74,91,78,115,99,33,53,79,107,113,120,125,82,29,77,22,59,54,48,57,50,71,37,86,88,64,8,122,31,97,67,42,18,102,14,26,93,76,35,24,110,112,118,109,23,98,56,51,81,55,100,11,72,105,94,80,28,103,106,6,62,47,16,70,49,40,61,38,45,34,41,92,1,21,39,20,3,19,17,32,36,9,121,101,5,95,116,114,27,65,124,58,7,2,129,104,4,10,87,96,69,25,126,128,60,123,68,63,108,75,15,111,44,127,117,30,0,89,84,66,12,13,52,83,85|_G375233]
  008		 16851.9720788308		[7,125,120,36,46,21,3,53,117,1,16,40,70,104,114,127,82,107,29,32,49,79,45,34,52,50,71,105,57,119,48,41,22,95,66,101,43,94,93,112,118,102,98,56,81,64,28,76,78,18,42,69,63,87,62,97,24,109,88,83,47,67,31,106,126,0,2,113,17,20,58,27,84,129,38,111,44,128,123,96,68,85,25,10,75,4,108,60,61,116,124,89,65,77,121,12,54,19,59,99,37,86,26,30,23,8,73,72,11,91,115,35,100,122,51,74,90,5,9,39,14,103,33,80,55,110,6,15,92,13|_G375632]
  009		 16990.4448891656		[121,66,54,105,48,71,78,33,28,115,11,102,74,73,51,81,56,100,94,23,99,37,3,19,22,95,20,49,0,61,114,116,70,29,82,111,27,84,58,107,17,2,40,38,104,127,10,15,4,44,75,129,7,125,89,77,120,32,34,1,113,36,59,13,12,101,9,41,92,50,21,45,43,119,57,46,52,16,14,18,88,42,126,6,69,128,108,63,87,85,24,109,67,97,96,62,103,47,83,55,93,118,122,110,64,86,72,91,98,90,5,117,79,53,39,26,30,106,60,123,112,31,35,76,80,8,68,25,124,65|_G376031]
  010		 17013.5250870612		[65,120,2,116,104,27,124,29,114,61,127,108,0,44,4,15,69,123,26,18,99,33,34,49,113,9,13,39,121,57,41,52,119,54,90,98,74,51,73,64,55,86,91,80,83,35,100,110,122,81,8,56,118,47,97,109,93,112,24,102,88,14,115,72,11,105,43,66,46,21,36,125,45,92,1,53,19,16,79,38,82,58,10,75,111,7,32,17,107,20,22,95,12,77,50,48,59,3,37,78,71,5,101,40,126,96,106,42,67,62,28,23,30,103,94,76,6,87,68,63,85,25,128,60,70,117,129,89,84,31|_G376430]
  011		 17060.2264336805		[69,33,126,67,62,106,30,28,88,26,53,34,19,7,117,107,66,46,3,41,22,20,36,21,121,54,39,92,32,17,45,125,58,124,65,29,89,114,61,104,116,49,70,2,113,127,4,15,60,108,85,25,123,38,43,59,72,73,56,110,112,31,35,83,118,24,6,97,109,18,79,129,99,96,87,68,63,128,75,10,40,44,0,111,120,13,9,5,95,50,101,90,71,78,37,86,98,102,64,11,91,105,48,119,51,74,57,94,115,23,80,93,81,14,16,42,103,47,1,82,84,77,12,52,76,100,122,55,8,27|_G376829]
  012		 17061.9170247820		[8,102,93,88,23,94,91,86,81,55,64,100,122,76,11,80,28,42,33,16,99,109,24,47,62,69,35,112,67,83,14,18,128,123,60,4,75,108,15,44,25,87,126,30,78,118,97,37,48,52,50,119,71,72,56,98,57,90,74,41,34,117,1,70,38,49,19,59,17,7,107,2,29,82,77,125,58,113,45,32,21,3,95,66,101,54,43,36,22,92,121,12,20,53,115,26,105,46,9,116,127,103,40,129,79,0,111,61,27,114,89,124,65,84,104,10,106,63,85,68,96,6,31,51,73,110,39,13,5,120|_G377228]
  013		 17091.9384837872		[102,55,74,122,110,112,47,88,14,76,31,103,28,23,30,33,126,106,109,18,69,6,123,85,25,87,128,49,70,44,108,60,15,61,29,113,53,26,11,51,8,81,56,73,64,80,86,94,115,42,96,99,34,52,50,41,48,13,43,21,121,54,39,92,22,59,119,3,46,7,32,17,129,45,1,20,36,125,2,16,78,71,57,37,105,91,35,83,118,67,62,24,93,97,68,63,10,75,4,127,111,40,107,77,82,120,124,84,65,89,114,104,116,38,0,79,117,66,12,58,19,9,95,5,98,100,72,90,101,27|_G377627]
  014		 17179.3034525479		[109,67,42,30,18,97,112,83,86,64,122,98,101,21,7,2,49,116,114,17,3,22,48,37,105,52,50,36,45,107,79,53,99,78,28,14,76,88,93,118,110,100,55,102,91,90,71,72,73,8,56,81,51,39,46,20,125,120,58,82,29,113,111,38,0,104,129,1,40,15,44,75,10,128,60,127,25,85,87,96,69,103,23,115,106,33,16,62,47,35,94,11,80,57,74,119,41,43,13,27,124,89,84,61,4,68,126,26,117,19,59,54,77,65,95,66,12,121,9,5,32,92,108,123,63,70,34,24,31,6|_G378026]
  015		 17201.3085801363		[25,69,42,88,28,23,115,78,37,86,81,51,56,118,11,64,8,122,112,93,109,62,6,87,128,123,60,10,63,96,106,103,99,57,71,90,91,119,43,22,3,19,117,38,40,0,70,61,44,127,2,116,111,27,65,77,29,125,34,53,79,17,92,107,113,45,129,16,18,26,94,80,102,74,73,98,59,21,46,54,121,101,41,36,66,52,13,12,95,32,39,20,50,105,72,76,110,1,104,4,89,124,114,84,82,15,75,85,108,30,14,67,47,35,31,97,24,48,5,9,58,7,120,49,33,83,100,55,126,68|_G378425]
  016		 17202.3006919094		[35,88,25,60,123,44,75,126,63,68,67,109,62,96,6,112,80,23,16,106,33,28,53,117,116,38,104,114,40,15,4,128,108,10,111,7,32,21,20,54,66,95,121,22,39,48,41,36,49,2,77,120,125,107,45,58,127,17,92,59,13,5,9,50,52,71,101,98,91,72,115,105,3,34,99,94,37,18,30,42,26,93,76,31,47,103,79,43,119,46,57,90,102,118,86,74,56,81,110,11,14,97,24,87,85,69,70,113,29,124,89,82,61,27,84,65,12,19,1,129,0,78,55,64,8,51,73,100,122,83|_G378824]
  017		 17266.6139032123		[124,84,89,114,116,82,125,2,40,127,70,58,77,111,108,44,10,68,63,60,87,25,33,30,115,109,42,96,24,67,93,56,72,90,37,91,22,92,59,119,41,48,73,64,80,86,94,53,105,57,71,74,55,122,110,112,97,18,99,78,11,51,81,8,102,35,83,118,76,14,88,28,23,16,49,20,19,21,43,121,13,39,46,50,52,34,7,107,3,54,101,66,95,32,17,117,29,113,38,0,61,104,15,45,1,129,79,126,62,103,26,31,123,69,6,106,100,47,85,128,75,4,27,65,120,12,36,5,9,98|_G379223]
  018		 17303.3944276464		[110,100,56,51,11,30,115,78,37,23,18,16,19,39,50,3,45,7,17,79,92,107,125,20,22,59,43,21,5,41,95,66,12,46,32,9,121,54,119,71,90,91,34,117,1,103,96,6,87,62,109,26,40,38,10,70,49,129,53,33,128,61,15,63,68,126,25,69,106,0,104,114,27,75,29,82,113,111,116,127,108,4,123,60,42,67,118,24,112,31,35,97,102,76,88,93,28,94,57,98,73,72,64,55,81,122,8,74,48,101,13,52,36,120,2,89,84,58,86,80,99,47,83,14,105,124,65,77,44,85|_G379622]
  019		 17350.4988794315		[82,124,89,104,111,7,43,41,57,86,78,23,109,126,44,75,60,63,123,30,16,115,97,69,128,108,10,4,127,40,2,116,0,1,99,80,11,72,73,8,100,56,28,105,119,50,121,22,13,12,101,5,98,91,81,51,102,55,110,76,35,93,88,42,67,47,31,94,64,71,90,52,37,14,33,129,61,84,65,29,125,77,120,39,54,95,66,32,36,45,19,46,21,3,107,58,20,17,113,79,49,34,106,38,6,25,68,87,85,96,112,24,103,26,18,83,118,122,74,48,59,92,117,53,70,15,114,27,9,62|_G380021]
  020		 17390.3451969070		[20,113,82,38,61,75,108,10,44,15,0,106,30,62,24,18,115,94,28,35,47,87,63,31,81,56,11,102,76,14,33,112,88,83,26,42,40,116,29,89,58,77,124,70,111,104,114,27,127,129,1,53,34,92,39,12,22,119,3,19,46,95,9,13,36,50,121,21,32,7,43,59,48,54,66,120,2,84,65,101,17,117,107,125,79,49,45,78,105,52,41,5,90,73,110,74,91,80,72,57,71,55,8,51,98,86,64,23,99,16,126,96,69,67,118,122,100,103,25,6,97,93,123,128,60,4,68,85,109,37|_G380420]
  021		 17438.3493498368		[31,122,100,78,11,94,30,26,62,47,103,69,68,42,106,109,102,55,28,37,14,99,34,33,53,115,23,18,112,24,35,80,91,71,48,59,54,46,66,9,13,39,32,2,129,19,49,79,17,125,77,89,27,127,70,0,75,15,38,44,10,108,87,123,60,4,40,116,114,61,113,104,111,41,43,92,20,7,45,107,82,12,95,73,74,51,98,72,105,119,3,57,64,1,126,128,25,63,96,85,83,8,86,118,97,93,16,88,67,6,76,110,56,81,90,5,101,21,36,22,121,50,52,120,58,29,124,84,65,117|_G380819]
  022		 17461.0276280455		[7,20,45,49,19,113,17,120,82,70,27,104,61,44,15,75,10,60,4,127,40,114,29,125,107,117,1,38,58,116,2,32,13,57,119,71,43,12,66,101,121,39,21,36,41,54,9,92,34,46,77,89,124,65,129,126,69,6,47,76,31,23,88,94,99,26,18,62,109,35,67,24,97,14,93,112,42,16,105,98,48,50,3,53,79,22,95,84,106,80,115,78,102,86,64,55,51,81,8,73,72,11,28,103,96,87,68,85,63,108,0,111,30,37,91,52,59,5,56,100,122,110,118,83,33,128,123,74,90,25|_G381218]
  023		 17597.0794901344		[89,65,120,32,92,45,17,107,82,29,113,116,38,70,104,111,125,79,53,30,103,24,28,81,110,76,31,47,62,67,109,26,99,11,73,56,122,100,8,78,37,52,105,41,59,5,9,21,36,43,121,66,54,50,48,71,101,13,12,77,58,84,7,19,117,3,57,72,86,115,16,34,1,40,44,0,4,75,68,6,87,85,69,60,10,108,61,127,2,49,20,22,46,94,74,64,80,55,88,18,102,51,90,98,91,33,106,128,14,93,97,83,118,23,129,15,27,126,42,96,63,25,123,114,124,119,112,35,39,95|_G381617]
  024		 17642.4841937415		[84,124,114,113,19,20,12,22,121,52,119,37,78,64,74,122,56,100,55,81,73,98,51,90,50,59,71,91,86,14,33,16,49,116,61,40,0,70,129,117,41,48,72,8,102,80,94,23,99,115,76,88,93,109,31,11,28,42,69,103,35,118,24,6,96,47,60,108,85,10,111,27,15,44,127,89,107,7,58,125,79,17,92,43,13,9,46,54,36,120,2,29,82,38,34,57,3,26,30,105,21,5,66,95,45,32,39,53,1,104,97,110,83,112,106,126,62,67,123,75,4,68,87,63,25,128,18,77,65,101|_G382016]
  025		 17664.5716788646		[90,72,51,74,98,71,78,11,105,43,9,13,39,21,36,46,66,77,125,114,111,40,0,126,99,33,1,3,37,34,109,93,23,76,64,73,8,56,122,110,100,81,86,55,102,88,80,91,18,30,103,123,62,96,87,75,4,44,6,25,128,60,85,97,47,118,26,14,106,42,67,31,83,112,24,35,119,52,5,20,107,17,2,124,29,15,61,104,82,116,129,117,92,22,95,121,32,45,7,89,19,53,59,54,101,48,50,57,41,115,79,38,70,16,94,28,108,10,113,58,49,127,63,69,68,27,65,84,120,12|_G382415]
  026		 17772.3417794144		[27,15,111,104,38,19,39,117,41,43,121,21,32,7,129,127,75,96,6,93,78,30,42,53,79,2,82,29,113,17,92,22,95,89,58,120,70,61,0,24,83,97,47,67,109,31,76,11,72,91,54,50,99,94,23,37,52,105,71,59,3,45,16,1,36,66,12,20,46,125,107,116,114,65,84,124,77,9,57,119,13,5,101,48,74,98,64,8,33,106,28,18,80,56,90,51,118,35,25,123,128,69,26,126,40,49,34,14,62,68,60,44,4,85,87,63,108,10,112,88,115,86,73,55,102,100,122,110,81,103|_G382814]
  027		 17806.8685082374		[119,71,37,86,81,55,64,8,103,106,6,62,69,47,118,97,67,42,16,99,33,23,88,93,109,24,102,14,76,35,112,11,80,94,28,72,56,98,90,57,91,74,73,59,54,43,36,32,95,22,45,113,58,114,2,107,17,7,29,65,27,61,89,84,38,70,49,19,3,21,48,52,46,125,120,82,104,40,129,116,10,4,60,128,123,68,126,30,78,115,53,79,0,87,25,108,75,15,44,127,111,124,77,66,41,34,105,1,117,26,39,20,50,121,9,101,5,100,110,83,122,51,92,13,12,96,63,85,18,31|_G383213]
  028		 17944.1900641145		[45,34,17,107,104,2,125,117,113,49,38,40,70,0,127,116,53,1,16,37,11,80,98,78,33,30,28,72,23,18,14,62,24,47,109,42,126,123,60,63,85,6,69,67,88,26,94,102,55,100,35,31,112,64,81,8,73,71,48,90,91,105,86,74,119,39,92,36,20,13,101,3,32,19,46,95,66,121,12,59,41,43,50,114,27,61,10,108,15,106,93,97,103,96,87,68,128,129,111,29,84,65,124,58,120,7,89,82,22,54,77,115,25,44,75,79,21,52,57,99,76,118,122,110,83,56,51,5,9,4|_G383612]
  029		 17954.8230902081		[69,128,108,85,87,62,123,6,127,32,36,39,95,101,13,121,22,20,17,117,105,52,50,119,3,53,79,49,70,2,116,114,84,65,29,125,92,48,59,19,46,21,66,9,34,7,43,41,54,77,120,89,124,104,111,38,44,75,60,10,129,15,27,103,23,26,37,57,72,74,122,86,78,28,94,93,64,100,110,102,55,81,91,71,90,51,8,35,31,118,112,76,80,11,115,30,16,1,99,0,18,83,97,106,96,47,24,67,109,126,63,68,4,40,61,82,107,45,33,14,56,73,88,42,25,58,113,12,5,98|_G384011]
  030		 18066.4342920899		[119,46,92,43,57,94,11,74,73,81,8,100,110,86,37,52,72,115,14,42,106,33,103,88,28,41,3,19,7,113,114,127,63,68,96,25,60,4,44,2,17,45,107,49,1,117,36,20,70,0,30,67,62,24,31,109,18,16,78,99,34,95,66,12,9,5,90,71,91,105,59,101,121,50,54,13,21,32,58,124,77,29,125,120,82,27,40,75,128,108,123,69,93,23,26,53,79,38,10,15,126,111,116,129,61,104,84,89,87,6,47,35,83,97,85,122,56,64,55,51,80,102,39,22,48,76,118,112,98,65|_G384410]
  031		 18227.0800523302		[116,40,53,1,17,82,113,120,84,89,77,124,114,111,125,29,65,32,21,43,92,3,70,127,42,109,106,6,16,79,129,107,36,54,59,119,52,48,72,8,51,74,98,90,37,91,73,55,23,115,30,33,69,67,76,118,102,80,100,122,24,47,97,112,18,14,28,78,99,94,93,103,75,4,44,123,10,49,27,128,63,68,85,96,108,60,15,61,104,19,58,26,86,105,95,22,50,41,13,20,46,117,38,45,34,7,2,12,121,39,57,11,35,31,83,110,81,64,88,56,101,5,9,71,66,126,62,25,87,0|_G384809]
  032		 18390.9619418952		[20,36,59,72,94,115,28,76,11,73,81,56,88,42,69,6,24,62,67,96,33,126,108,60,15,4,10,75,40,127,44,27,2,17,32,29,89,65,77,82,111,0,128,87,63,1,34,26,14,109,31,18,30,106,112,110,122,118,93,97,80,91,105,48,71,51,8,45,43,119,3,46,7,19,38,117,124,120,21,121,54,66,107,58,70,49,57,37,86,64,78,16,52,50,101,9,41,92,39,5,95,22,113,53,23,99,129,104,116,114,61,84,12,13,125,79,103,47,25,68,85,123,35,83,100,55,102,74,98,90|_G385208]
  033		 18406.4326550582		[107,58,7,2,17,113,125,89,124,82,29,32,77,65,12,13,59,36,79,43,54,66,121,5,22,95,20,117,38,108,63,87,68,85,128,69,42,88,6,0,104,127,40,45,39,120,21,19,92,3,37,99,23,94,105,48,71,51,100,122,110,8,72,86,64,56,81,31,14,26,34,1,103,96,62,67,109,80,118,93,30,33,78,76,28,115,11,55,83,24,47,25,112,106,18,35,16,53,70,116,114,27,84,15,4,10,44,61,52,57,119,90,98,49,46,50,73,74,102,97,126,60,111,129,75,123,41,9,101,91|_G385607]
  034		 18736.8778160771		[83,122,110,100,73,8,91,105,52,46,101,95,32,21,22,34,17,7,58,89,27,84,65,125,107,79,50,48,57,90,54,13,5,9,119,121,36,41,53,70,40,0,15,25,103,26,42,35,28,97,93,24,96,123,62,88,31,33,49,82,29,19,38,111,127,44,75,129,61,20,124,77,43,86,102,80,76,56,72,115,30,67,112,23,16,78,51,118,47,106,14,94,37,74,98,71,59,66,92,45,3,117,1,4,128,108,116,114,104,99,39,120,2,12,113,18,11,55,64,81,126,60,10,63,68,85,87,6,69,109|_G386006]
  035		 18787.9679139713		[49,107,92,45,125,79,105,98,71,90,39,21,36,41,13,54,119,5,9,19,53,23,16,0,44,4,6,25,103,30,28,35,31,88,11,18,67,62,126,60,10,27,89,58,17,32,7,117,1,70,114,104,82,65,84,40,116,128,108,85,68,63,75,111,127,61,38,29,129,34,43,77,20,22,46,59,101,95,66,12,121,113,91,55,56,73,8,64,122,100,115,72,51,37,78,102,80,76,83,94,109,97,93,24,69,96,123,15,124,50,48,57,86,26,14,106,33,87,47,112,118,42,52,74,81,110,99,3,2,120|_G386405]
  036		 18949.0466232807		[66,46,41,36,34,49,26,18,80,94,28,62,109,33,99,78,115,37,86,57,71,119,43,5,101,121,105,72,73,74,102,76,35,67,97,24,14,93,64,8,9,77,124,89,84,17,16,70,61,44,60,128,123,68,85,75,38,40,116,2,7,58,127,117,54,59,21,13,12,3,19,22,45,82,29,125,120,113,104,129,114,65,27,4,10,108,25,69,47,31,110,48,52,11,55,81,51,98,56,118,112,42,88,100,83,0,111,1,92,79,53,107,30,96,87,63,6,106,103,91,90,50,95,32,39,20,15,126,23,122|_G386804]
  037		 19035.5961314038		[0,70,127,116,111,10,123,60,38,44,108,87,6,75,15,1,117,54,46,107,3,57,98,51,11,94,30,26,40,4,104,113,45,82,114,61,49,129,19,39,32,2,121,95,101,9,13,66,77,125,79,17,92,20,29,89,58,120,124,65,12,22,59,43,41,115,23,78,37,34,16,88,28,33,53,18,109,106,97,93,14,99,62,47,112,24,35,31,100,110,102,76,55,122,118,67,69,103,96,85,7,27,84,105,91,86,83,64,74,73,8,80,81,48,71,119,50,36,90,56,42,63,68,126,128,25,21,52,5,72|_G387203]
  038		 19039.9583177804		[129,113,116,40,1,36,43,34,78,23,86,11,3,48,54,107,127,70,0,117,99,115,37,14,28,76,110,100,56,8,55,91,72,64,51,98,52,121,66,59,46,20,77,50,45,17,41,33,62,67,93,126,25,103,97,112,102,35,24,53,32,39,13,95,21,19,2,82,125,79,44,15,4,108,60,10,111,65,29,120,12,22,89,75,128,63,85,87,42,26,30,94,73,74,57,71,90,118,80,81,122,109,31,69,83,18,106,92,5,101,9,119,49,7,38,61,27,105,16,88,47,6,96,123,68,104,58,124,84,114|_G387602]
  039		 19104.1069480911		[31,24,67,62,109,18,16,78,99,88,47,97,87,104,114,65,129,17,20,36,59,57,43,92,49,1,70,45,107,82,89,40,2,116,111,38,15,10,44,75,53,3,19,7,61,4,60,128,6,85,63,123,25,69,108,106,14,115,42,118,112,28,64,76,37,86,105,91,11,73,74,81,8,100,110,51,39,48,121,54,50,52,101,95,120,124,58,113,84,27,117,79,125,29,12,46,22,32,41,34,30,33,26,23,93,80,83,35,122,56,102,55,119,66,77,21,9,90,71,5,98,72,94,126,0,127,103,96,68,13|_G388001]
  040		 19386.6772620197		[106,6,24,55,73,105,43,41,34,19,38,45,32,125,116,2,7,107,77,120,113,15,104,61,128,68,63,85,25,47,26,16,33,78,99,37,52,36,89,66,121,9,51,90,101,5,98,110,35,14,94,11,93,30,18,103,42,28,62,69,96,60,108,75,10,44,129,1,17,82,29,111,4,127,123,31,97,67,76,80,115,81,8,64,91,71,22,46,39,21,20,79,53,59,54,50,13,95,12,58,84,27,40,70,49,23,86,102,56,74,72,88,122,100,126,83,118,48,3,92,124,65,117,109,112,87,0,114,119,57|_G388400]
  041		 19524.0062167850		[46,9,13,21,20,54,119,43,66,12,95,22,125,84,127,53,79,70,0,40,114,27,89,29,120,77,7,111,116,38,58,124,107,99,115,105,3,92,30,94,28,18,86,91,51,8,112,106,16,47,35,88,76,55,74,11,78,64,56,81,122,31,24,87,85,6,128,75,44,4,61,10,108,60,123,96,25,63,129,49,104,45,2,17,113,1,34,19,121,39,50,52,59,37,90,98,48,41,57,101,73,71,117,36,82,32,72,14,83,118,102,42,126,69,67,62,97,93,109,26,103,80,23,33,15,68,65,5,100,110|_G388799]
  042		 19585.0459990108		[33,103,106,28,76,31,47,6,25,10,4,111,15,20,36,32,17,129,19,7,46,43,66,5,41,22,95,121,21,57,98,8,118,88,83,35,18,109,24,69,126,97,99,80,93,67,62,16,54,119,50,3,45,38,40,49,34,52,117,1,113,107,27,116,75,87,42,23,86,102,64,72,73,81,71,59,125,79,0,44,123,108,127,114,70,104,82,84,89,124,120,13,92,53,9,29,77,48,14,26,11,91,105,78,115,94,74,51,55,110,122,112,96,128,60,63,68,85,58,65,61,30,100,56,90,101,12,39,2,37|_G389198]
  043		 19725.8553156190		[22,46,79,17,82,20,54,40,127,53,3,92,34,105,41,50,57,71,48,119,91,14,76,72,98,74,8,102,28,42,33,30,115,97,106,0,26,23,16,99,126,62,69,47,94,78,81,100,122,56,64,55,110,83,35,109,67,25,44,4,113,32,121,120,29,116,95,12,107,117,19,49,111,61,36,21,13,5,45,2,38,89,65,58,124,7,125,70,114,84,129,43,52,86,11,93,18,80,37,51,90,73,31,112,88,6,87,1,59,9,39,101,66,77,60,63,68,85,24,128,96,103,75,108,123,10,15,104,27,118|_G389597]
  044		 19806.3885407934		[120,22,34,117,17,20,7,107,45,19,121,95,13,9,50,43,21,36,49,70,75,108,127,128,25,123,85,87,40,89,111,114,27,65,66,46,37,26,23,33,126,1,92,54,59,48,5,90,55,8,102,118,31,109,28,78,52,119,72,11,18,16,105,115,91,71,100,110,76,83,67,62,68,69,88,80,94,99,30,103,96,63,10,6,112,24,93,35,14,86,73,98,74,51,64,57,41,32,29,2,58,61,4,129,53,116,113,125,124,77,84,15,38,0,60,79,82,104,44,106,42,81,97,122,56,3,39,12,101,47|_G389996]
  045		 19820.2095742064		[109,18,26,49,70,125,117,79,32,92,53,30,106,16,103,42,62,118,76,64,73,98,51,100,72,81,56,11,105,17,107,129,38,40,116,15,4,128,10,7,82,46,59,57,21,12,19,50,48,71,91,90,5,78,1,14,55,93,80,37,102,8,122,110,112,97,99,23,88,83,35,31,126,67,25,47,115,34,20,43,36,52,3,121,94,54,119,95,111,113,104,127,61,27,77,2,114,75,0,33,123,44,108,63,68,60,120,29,84,65,124,89,58,45,22,66,13,74,86,24,6,96,87,85,69,28,41,39,9,101|_G390395]
  046		 19857.2965319308		[66,54,46,36,1,49,127,114,27,26,42,106,62,31,67,18,76,0,116,113,117,34,16,45,7,20,17,125,120,89,111,104,4,10,44,15,61,22,101,41,48,78,28,14,99,94,52,119,95,71,57,86,102,118,51,74,98,100,122,83,112,96,103,75,108,60,24,126,128,87,109,64,105,53,23,33,88,80,115,91,37,90,43,39,21,129,40,70,29,92,32,12,9,13,121,19,58,38,124,65,82,50,3,59,5,79,2,84,77,107,11,30,69,63,68,25,6,85,97,93,35,47,123,55,56,81,8,73,72,110|_G390794]
  047		 20009.6572925355		[56,118,8,81,110,122,35,83,88,14,115,48,119,50,54,16,19,53,23,31,126,96,70,104,27,113,120,65,2,116,44,0,108,40,1,117,7,107,39,121,57,78,37,30,28,76,72,73,51,74,71,59,17,32,29,114,61,127,84,82,111,4,15,20,49,34,21,36,77,66,43,38,58,101,9,124,89,22,95,12,10,75,63,85,62,67,106,6,87,68,128,24,97,109,112,93,80,98,90,105,86,64,55,91,11,26,99,3,45,92,79,18,42,103,33,60,47,129,94,52,46,13,41,5,125,123,69,25,102,100|_G391193]
  048		 20099.7466248757		[37,86,91,98,55,64,73,48,72,74,94,115,42,33,28,105,36,52,90,59,101,12,50,57,21,53,127,111,40,0,92,34,95,39,125,89,84,4,44,60,123,109,100,102,8,56,122,118,31,112,76,83,81,51,80,110,6,25,18,47,96,128,85,116,113,120,17,79,117,46,19,45,2,70,7,20,82,29,104,114,27,61,75,108,15,126,62,67,69,93,88,14,23,106,24,35,49,54,121,43,119,41,13,9,66,22,129,38,1,16,99,26,97,103,68,10,63,3,11,78,71,5,30,32,107,58,124,65,77,87|_G391592]
  049		 20557.6816936776		[18,99,33,96,42,49,53,22,20,125,113,17,45,129,16,19,79,107,2,7,0,69,68,85,6,94,57,119,43,98,48,9,102,23,88,109,47,83,26,93,60,63,123,87,67,14,74,73,55,100,110,76,64,103,106,112,80,91,59,52,90,105,46,41,3,30,28,37,72,51,56,1,92,36,101,117,32,21,54,121,71,11,39,95,66,12,5,50,115,31,118,97,78,35,122,81,25,108,75,104,84,40,4,10,111,61,127,70,15,44,128,62,24,86,8,126,38,82,29,120,116,27,114,124,65,58,89,77,13,34|_G391991]
  050		 20674.2097984337		[121,43,105,41,117,30,96,62,97,47,106,28,109,67,31,23,94,99,37,33,93,6,44,1,111,104,40,108,38,19,39,66,36,48,101,5,22,20,49,127,75,84,65,17,92,53,70,103,115,88,112,123,25,24,83,18,78,26,69,4,27,61,0,29,82,2,107,116,89,120,45,113,125,7,32,21,50,79,54,95,129,16,59,52,90,56,55,102,35,76,118,80,91,51,122,100,64,98,74,119,57,71,11,81,14,73,72,86,42,63,10,114,15,87,68,60,85,128,126,58,124,77,12,13,9,46,3,34,8,110|_G392390]
  051		 20846.8309292431		[42,16,30,49,19,34,92,20,7,58,89,111,10,4,25,87,24,11,94,33,23,18,31,97,103,76,83,28,93,106,6,47,96,35,118,122,72,74,98,64,50,13,43,41,59,12,121,36,105,57,73,71,91,86,48,52,45,29,104,44,117,46,3,119,5,95,84,27,114,61,15,70,127,60,123,69,62,109,80,37,55,8,56,79,38,108,63,85,99,126,53,21,0,128,75,68,112,1,129,32,107,2,40,26,102,100,110,116,113,82,120,17,22,9,66,39,90,51,81,78,115,14,67,88,54,101,125,77,124,65|_G392789]
  052		 20910.7806830197		[120,77,58,84,114,1,129,49,36,18,103,26,67,47,93,102,35,11,78,23,86,115,30,80,76,94,51,48,3,92,59,79,9,39,20,19,7,113,29,82,107,125,116,126,109,88,14,106,70,40,104,60,123,127,38,61,4,15,111,27,34,53,46,41,121,17,117,75,44,68,108,6,24,96,69,128,99,42,118,122,110,97,33,31,28,83,64,8,91,98,55,81,74,90,119,57,105,43,50,13,52,71,5,54,101,32,0,87,112,100,72,73,21,37,56,62,25,85,10,89,124,12,95,66,22,45,2,16,63,65|_G393188]
  053		 20993.4954892336		[102,81,109,18,3,1,117,120,36,21,39,19,34,16,94,118,67,69,106,0,111,116,127,68,126,25,88,28,47,99,33,49,129,53,114,65,124,2,121,95,32,9,59,43,22,5,37,78,115,30,97,35,31,80,98,86,105,119,48,50,54,12,46,82,45,113,77,66,29,89,58,84,20,52,13,92,41,101,125,104,61,128,42,76,64,72,8,74,57,103,96,60,75,4,15,108,63,85,26,93,14,112,83,24,23,11,51,91,71,73,100,110,123,62,40,44,27,70,17,107,7,79,38,10,6,87,55,56,122,90|_G393587]
  054		 21045.9889518866		[84,2,49,3,19,34,46,39,20,50,92,1,26,14,88,94,80,23,117,107,21,113,12,13,119,54,95,32,9,59,48,121,43,66,41,73,74,122,110,81,8,64,102,28,67,112,55,93,35,118,31,97,71,5,104,111,82,125,124,120,7,22,77,53,45,0,116,75,25,6,62,33,30,18,52,36,57,90,98,11,72,105,76,109,37,91,42,106,103,115,99,24,69,87,85,83,47,126,108,4,128,63,68,96,44,10,70,16,79,38,40,127,61,129,27,89,60,123,29,65,114,58,17,15,78,86,56,51,100,101|_G393986]
  055		 21153.8509641724		[111,1,121,50,57,98,51,11,74,45,0,44,103,87,40,7,113,20,21,120,125,115,42,31,6,106,69,96,24,14,86,76,2,38,34,41,23,78,99,33,53,79,107,13,12,39,29,114,89,36,46,105,52,71,37,55,8,88,28,80,91,90,73,72,43,77,92,95,32,129,104,75,10,128,127,70,116,58,48,5,101,26,109,3,22,66,9,59,54,19,117,16,17,82,61,60,25,126,68,85,63,97,83,112,47,123,67,118,100,56,81,122,110,35,93,102,64,18,30,62,49,108,4,15,27,124,84,65,119,94|_G394385]
  056		 21287.4866499141		[64,73,72,11,59,36,12,95,125,20,46,29,58,120,89,84,7,21,77,66,101,121,9,5,124,69,62,16,28,78,14,47,35,25,38,104,113,111,40,15,27,107,45,92,53,79,49,2,117,19,34,39,71,90,105,52,37,80,88,102,91,54,1,44,75,60,128,6,87,85,96,106,33,115,97,83,18,112,81,56,30,42,26,94,93,122,86,57,74,76,118,110,100,55,23,103,126,99,48,43,41,22,32,3,119,116,114,4,108,63,67,109,24,0,17,61,13,50,98,51,8,31,123,68,127,129,70,82,65,10|_G394784]
  057		 21434.3144724176		[103,18,69,87,128,123,109,24,62,23,80,72,74,57,37,14,76,122,97,16,126,96,68,85,108,75,10,40,32,7,30,106,112,81,56,88,33,73,110,28,102,55,100,67,42,86,105,52,50,121,21,36,66,43,54,119,3,79,49,4,82,113,20,38,61,25,6,93,83,26,53,45,107,58,77,124,2,70,129,125,92,46,19,101,12,13,120,17,117,15,104,111,116,127,27,29,89,84,22,0,99,115,94,34,44,114,65,39,78,64,91,51,8,11,98,90,59,48,5,9,95,41,1,60,31,118,47,35,63,71|_G395183]
  058		 21506.3713587762		[21,36,50,121,48,98,73,100,122,88,64,80,91,55,52,119,78,11,72,56,81,47,112,86,45,7,113,19,43,3,105,57,53,46,66,9,13,39,20,107,70,116,114,111,65,12,90,101,59,32,49,44,17,117,37,51,74,115,28,30,18,23,94,16,79,54,92,1,99,33,42,106,24,62,31,126,25,128,69,87,0,125,82,61,10,60,68,97,67,96,4,15,27,29,124,38,120,77,58,75,103,26,14,41,95,2,127,108,129,34,93,35,110,76,6,63,85,102,118,109,8,83,123,40,104,89,84,22,5,71|_G395582]
  059		 21515.6254181864		[22,52,48,21,9,77,12,129,1,40,111,38,44,128,123,108,63,106,42,96,45,19,3,53,99,88,109,18,47,31,83,93,14,94,86,30,97,102,51,72,80,98,64,76,115,16,69,6,114,27,104,117,20,17,13,57,59,50,119,5,66,79,125,36,49,70,33,26,37,23,91,11,73,74,46,95,101,39,124,58,113,32,121,43,34,78,55,122,110,81,67,24,87,75,15,25,0,127,61,2,120,89,92,82,7,107,116,4,84,29,41,105,71,103,60,10,68,126,62,35,112,118,90,54,28,56,8,100,85,65|_G395981]
  060		 21541.7580694166		[51,73,8,64,55,110,74,78,53,34,79,107,125,77,120,36,41,48,52,20,113,70,16,23,69,25,60,30,88,126,44,75,63,68,67,18,62,109,123,40,15,111,38,108,10,128,104,82,129,1,117,116,127,17,29,49,3,39,46,50,22,13,5,9,45,58,2,43,121,12,105,26,42,80,37,71,101,54,21,32,7,27,89,19,59,95,11,28,103,0,114,92,119,94,99,102,93,76,86,118,24,14,106,47,97,6,85,87,112,31,83,122,100,115,33,72,91,57,90,66,84,61,65,124,96,35,81,56,98,4|_G396380]
  061		 21729.2841087082		[6,63,68,123,25,69,103,75,10,104,127,111,45,34,33,19,36,21,121,9,3,78,105,71,72,26,42,62,37,52,54,46,113,17,129,16,96,94,115,67,76,23,18,86,98,32,12,13,5,101,80,31,118,83,99,126,40,116,61,27,58,120,66,39,20,124,2,50,73,102,88,47,122,56,11,28,35,93,117,70,29,7,1,53,44,4,128,106,60,108,15,107,92,41,43,49,38,82,84,79,125,65,91,57,119,48,51,8,55,64,81,100,110,90,0,114,89,22,95,59,74,14,97,24,109,30,112,87,85,77|_G396779]
  062		 21840.4223839893		[73,52,5,101,71,37,80,112,62,24,86,74,48,78,30,33,28,18,23,16,34,45,17,82,70,61,120,46,92,22,13,95,7,129,113,27,44,6,25,123,85,10,128,114,40,115,105,51,90,119,39,36,54,121,1,117,53,42,109,106,87,69,75,107,125,124,84,89,58,32,79,9,49,26,126,60,108,68,47,67,88,76,118,97,103,4,29,77,20,3,57,94,14,102,64,56,11,41,12,59,66,50,21,43,91,72,122,35,31,93,81,110,83,100,8,55,96,38,104,2,111,116,127,15,0,99,19,98,63,65|_G397178]
  063		 21858.3212854632		[107,32,29,70,116,114,27,84,38,44,4,15,10,127,40,2,17,117,99,23,72,48,71,105,94,33,67,97,96,62,69,42,88,6,87,63,60,108,68,47,16,43,119,90,39,52,46,3,37,80,35,18,126,25,112,83,106,93,118,122,110,98,31,81,56,30,11,28,115,76,73,91,86,64,78,1,129,125,89,124,66,9,22,95,20,7,19,59,36,113,58,111,82,75,104,79,0,128,85,24,8,51,100,102,74,109,92,41,50,54,45,120,12,13,5,57,34,26,14,103,123,49,121,101,77,65,21,53,61,55|_G397577]
  064		 22081.5263051478		[122,64,74,119,92,53,11,28,42,26,30,94,23,97,110,86,91,1,104,58,29,82,2,38,4,68,62,69,103,35,118,93,88,76,109,24,6,96,47,79,125,20,77,17,78,73,3,7,9,101,121,12,95,46,120,111,107,22,13,43,57,71,59,21,5,113,19,34,32,39,105,90,51,98,37,52,50,66,54,124,127,117,70,0,61,15,44,123,67,14,75,85,60,108,87,112,80,8,56,100,55,81,41,48,72,115,99,126,25,18,106,128,63,10,45,40,129,116,49,33,16,31,102,27,84,89,114,65,36,83|_G397976]
  065		 22098.7511400560		[18,34,41,36,40,4,106,16,104,129,46,92,30,99,115,88,33,69,97,122,80,23,86,56,112,109,100,126,70,116,111,0,49,3,22,95,32,9,121,21,54,119,50,59,43,66,39,5,13,48,98,11,72,64,78,55,110,8,37,14,28,76,47,103,25,1,19,113,12,101,71,117,58,107,120,29,27,82,125,65,84,7,17,45,53,105,94,57,74,73,81,118,35,102,90,20,96,6,67,62,24,87,85,68,15,38,61,127,114,60,123,93,83,26,42,91,52,79,2,89,77,75,108,10,44,128,63,31,51,124|_G398375]
  066		 22160.4984113973		[113,120,125,32,45,22,34,41,43,5,101,121,9,2,7,107,79,53,30,93,118,11,94,80,28,42,103,106,6,62,112,67,97,78,115,99,33,109,31,23,49,70,16,26,40,114,129,104,61,15,29,21,3,19,54,59,13,12,17,0,69,87,96,111,108,25,47,63,68,123,126,20,39,50,57,119,98,56,86,37,52,36,38,127,4,10,116,75,89,84,117,18,60,44,27,65,58,24,102,14,76,35,110,48,92,1,128,91,71,74,73,55,64,8,81,122,88,72,105,90,51,83,85,82,46,95,66,77,124,100|_G398774]
  067		 22210.8566137570		[99,80,86,118,102,35,6,106,34,46,105,53,117,43,54,79,19,21,107,58,45,129,2,120,77,39,92,59,17,27,29,65,20,38,0,116,70,61,82,124,40,15,12,9,66,32,111,7,113,16,41,48,73,8,64,112,47,122,110,100,55,115,91,37,93,49,36,50,52,78,76,24,23,94,97,63,68,85,96,75,44,127,126,25,88,26,109,62,33,30,18,67,14,28,103,31,42,128,125,22,3,119,104,10,108,123,69,87,60,57,98,74,90,5,13,95,121,71,11,56,81,51,72,83,114,89,84,1,4,101|_G399173]
  068		 22359.8720397724		[16,0,44,4,111,75,63,94,102,73,72,51,37,78,23,53,19,116,120,43,129,34,52,95,66,12,86,74,118,83,47,6,25,108,40,1,117,3,45,92,107,125,49,126,62,67,112,11,91,8,88,18,79,21,36,39,17,32,121,105,98,81,99,42,28,76,69,96,60,103,33,106,38,58,114,127,61,2,77,20,22,46,54,119,101,115,35,31,97,109,93,80,55,56,122,100,64,14,26,70,104,128,30,24,7,113,9,57,15,10,123,89,124,65,82,50,71,90,5,41,13,59,48,29,87,68,85,27,84,110|_G399572]
  069		 22453.7533818838		[97,126,42,103,18,14,62,112,94,78,11,105,54,22,34,17,107,7,120,53,44,75,123,87,93,30,28,72,118,122,64,110,51,52,37,80,98,48,71,91,90,5,21,3,32,125,45,117,111,108,10,15,104,61,113,49,70,40,38,29,92,39,1,114,12,95,59,86,56,47,25,67,88,35,31,23,102,109,26,16,33,127,0,20,13,36,41,43,50,116,2,84,69,6,96,128,68,63,24,83,99,129,58,57,119,74,115,46,9,121,66,82,89,19,79,77,27,4,124,65,106,85,60,55,73,8,81,100,76,101|_G399971]
  070		 22572.8506731373		[80,83,97,30,92,58,125,111,33,16,115,26,49,19,45,32,39,94,23,91,98,100,55,51,72,43,13,20,104,44,15,40,129,17,38,107,29,82,2,116,114,12,121,113,53,42,69,60,117,3,21,101,95,66,84,1,99,62,123,108,68,63,85,127,87,47,56,57,59,46,36,54,79,70,126,34,119,48,52,50,90,73,11,102,81,8,86,37,71,76,88,93,118,112,14,103,67,31,25,128,106,18,109,64,122,28,35,110,74,41,5,120,89,7,105,78,9,22,124,27,4,61,0,75,10,96,24,6,77,65|_G400370]
  071		 22693.6211935716		[83,122,67,30,33,0,70,20,82,120,79,17,2,45,39,53,38,58,92,34,119,50,46,9,54,59,41,71,73,74,102,8,110,86,91,55,37,52,95,66,12,84,22,19,1,7,113,125,36,117,21,13,16,99,115,42,26,93,97,106,23,57,101,78,98,76,75,128,126,96,25,63,24,88,35,47,62,6,103,112,118,80,11,94,105,18,109,123,60,68,87,127,114,27,104,40,116,129,111,29,107,61,65,15,48,5,3,72,64,56,100,51,81,49,43,32,77,10,85,69,31,14,121,90,28,44,4,108,124,89|_G400769]
  072		 23650.5371558457		[91,11,73,72,93,112,118,8,23,53,92,13,18,78,76,28,42,69,16,117,1,111,4,108,40,15,7,120,36,46,89,124,125,116,30,80,55,110,6,47,83,88,24,109,33,103,48,119,39,82,127,114,84,129,17,38,44,123,41,22,95,66,101,43,94,128,96,60,61,32,9,29,107,49,19,54,90,52,34,79,21,3,45,0,62,97,126,106,115,35,81,74,51,122,56,98,102,50,71,59,65,70,104,20,113,2,77,99,37,86,100,105,57,121,12,26,31,67,25,68,85,10,75,63,87,27,58,5,64,14|_G401168]
  073		 23898.5791797294		[91,11,73,72,93,112,118,8,23,53,92,13,18,78,76,28,42,69,16,117,1,111,4,108,40,15,7,120,36,46,89,124,125,116,30,80,55,31,6,47,83,88,24,109,33,103,48,119,39,82,127,114,84,129,17,38,44,123,41,22,95,66,101,43,94,128,96,60,61,32,9,29,107,49,19,54,90,52,34,79,21,3,45,0,62,97,126,106,115,35,81,74,51,122,56,98,102,50,71,59,65,70,104,20,113,2,77,99,37,86,100,105,57,121,12,26,110,67,25,68,85,10,75,63,87,27,58,5,64,14|_G401567]
  074		 24310.5869046927		[55,64,23,14,16,129,42,69,93,11,78,3,127,104,114,7,20,74,94,105,71,72,115,62,126,96,53,75,10,68,63,123,25,32,12,21,121,59,41,119,76,83,118,31,26,99,18,34,39,107,48,30,88,24,109,81,52,54,46,91,57,92,111,128,4,40,0,60,44,103,38,79,37,86,35,112,87,120,77,27,124,2,50,101,82,19,45,84,85,47,56,8,98,90,5,13,9,29,61,116,117,1,125,89,65,49,70,17,58,43,36,22,33,28,97,67,108,106,80,51,102,73,100,122,110,15,113,95,66,6|_G401966]
  075		 24381.5208098732		[54,1,49,0,27,29,58,45,28,42,23,71,41,59,121,37,14,105,117,111,125,32,40,38,46,19,70,16,78,30,107,34,20,114,4,63,10,25,6,24,96,60,61,129,15,104,89,52,72,94,80,86,26,44,123,102,55,8,118,35,112,110,56,98,81,97,67,68,106,91,48,43,17,77,120,84,124,116,7,2,92,79,65,22,53,18,83,50,36,119,113,39,21,73,11,51,109,62,88,115,74,76,100,122,93,47,69,75,128,103,33,31,3,57,9,13,95,66,12,101,90,5,99,108,126,87,85,127,82,64|_G402365]
  076		 24918.7047425733		[37,86,6,80,51,110,25,107,48,32,30,97,26,99,16,1,113,120,124,66,49,106,24,102,8,35,67,15,126,62,69,93,0,40,127,53,111,92,34,88,122,56,28,33,42,115,72,74,94,105,21,50,57,14,23,54,22,9,13,41,119,121,43,129,38,103,47,68,10,2,45,19,70,7,20,82,29,104,114,63,3,11,78,71,117,17,79,46,116,128,96,85,109,123,60,44,4,39,95,125,89,84,12,101,59,90,52,36,91,98,55,64,73,100,31,118,112,76,83,81,5,65,77,58,61,27,75,108,87,18|_G402764]
  077		 24951.9022423516		[62,26,109,28,67,31,42,106,3,22,120,2,38,15,95,119,71,102,0,4,25,96,103,112,47,122,39,52,86,45,82,17,20,7,113,116,70,29,27,65,66,9,92,105,78,23,30,18,76,90,101,77,84,89,114,53,46,36,50,121,12,1,40,93,72,83,11,34,117,37,91,59,107,33,127,128,10,6,104,79,54,88,80,55,8,56,81,74,51,98,100,41,49,94,99,14,118,69,85,126,24,63,60,68,87,75,108,129,32,111,44,61,124,16,35,64,57,48,115,19,125,58,21,43,13,5,73,110,97,123|_G403163]
  078		 24954.3162061346		[20,70,0,96,25,60,30,32,21,54,13,119,34,99,35,47,81,48,39,102,31,74,94,11,56,64,55,51,91,86,110,73,71,50,101,57,1,117,36,121,19,78,109,80,42,69,15,126,10,111,29,7,77,124,4,44,2,17,45,22,84,61,104,65,38,58,79,53,26,83,97,123,108,128,75,27,107,46,92,49,82,125,120,40,115,72,100,37,52,12,66,95,9,5,89,41,28,88,103,33,106,129,116,59,105,98,14,16,18,67,62,24,93,87,3,90,8,112,118,6,63,68,127,114,113,43,23,76,122,85|_G403562]
  079		 24970.7561498433		[33,128,103,86,53,116,44,85,123,4,108,126,127,77,124,61,15,120,1,105,129,36,52,117,34,78,91,71,90,3,39,50,45,7,17,82,29,89,2,84,63,68,14,83,96,6,99,35,8,24,60,42,118,122,81,110,119,54,121,9,32,12,66,41,95,46,37,23,18,16,80,72,73,64,55,26,109,62,87,40,79,38,58,13,49,70,27,114,0,104,75,47,74,48,98,67,59,5,43,21,30,94,28,115,93,88,112,25,69,106,11,92,107,125,20,22,113,111,31,100,56,51,76,102,97,19,57,101,65,10|_G403961]
  080		 25050.3510065586		[35,40,107,125,34,14,94,118,62,68,97,83,18,28,33,106,80,56,103,117,39,71,37,52,105,41,43,115,96,75,6,44,60,116,114,92,22,95,65,79,53,42,30,78,93,64,8,119,13,45,91,72,5,12,82,66,20,46,17,29,113,19,38,104,4,85,87,24,0,50,54,58,89,120,32,61,70,99,88,102,122,81,110,112,69,123,128,10,23,16,1,36,124,84,3,57,86,73,55,100,74,48,101,121,21,7,129,127,26,126,63,25,108,47,67,109,51,90,98,76,31,11,59,49,2,27,15,111,77,9|_G404360]
  081		 25299.7299265748		[87,99,97,31,122,8,105,107,113,13,34,49,40,61,38,45,127,60,67,123,86,88,64,57,54,79,48,117,52,72,11,47,62,16,94,36,32,17,39,1,42,18,102,91,74,78,115,106,103,28,33,53,21,9,19,129,2,7,124,65,58,44,85,83,76,14,26,93,98,118,109,23,81,51,0,111,15,4,104,75,128,126,69,25,96,112,110,24,108,63,68,89,84,120,41,92,66,12,101,121,3,20,30,37,119,46,43,90,73,80,10,27,116,82,29,77,22,125,59,55,100,6,35,56,5,95,50,71,70,114|_G404759]
  082		 25333.8876089367		[41,43,36,52,3,21,113,15,104,61,77,107,7,82,22,34,46,59,45,32,125,70,49,26,18,103,42,28,100,51,98,72,118,83,78,97,62,112,94,11,105,73,88,122,93,30,16,76,110,24,63,68,67,126,60,19,13,92,53,29,120,5,9,121,2,116,40,27,128,108,111,96,86,56,81,8,102,74,48,50,17,1,14,35,33,127,4,75,115,38,129,44,123,106,25,47,64,119,57,79,114,95,12,58,65,20,37,99,109,69,54,66,89,117,80,31,23,0,124,39,101,71,91,55,90,84,10,87,85,6|_G405158]
  083		 25367.0795116574		[67,68,85,83,94,105,41,2,124,58,17,4,69,87,99,115,57,66,43,20,61,44,38,14,109,126,62,108,26,92,46,22,45,53,3,37,18,42,28,102,118,71,48,119,54,79,127,40,32,95,9,101,12,113,77,88,97,112,25,6,24,128,63,10,123,106,70,21,75,103,47,0,116,111,80,23,16,93,11,86,56,64,72,98,90,122,100,81,110,78,34,1,82,7,29,19,117,50,52,107,125,104,49,60,89,36,39,13,121,15,27,65,84,129,5,73,35,33,76,51,55,74,91,59,120,30,96,31,8,114|_G405557]
  084		 25531.0670570028		[45,7,38,33,26,40,111,116,126,25,4,31,35,112,62,94,56,117,1,129,16,82,36,121,105,17,79,92,15,89,2,75,120,99,88,28,100,74,55,122,109,32,58,9,77,113,0,106,61,27,114,125,84,60,123,127,70,10,24,34,14,80,98,64,11,91,51,81,102,110,67,78,73,90,43,22,13,53,30,96,76,115,48,37,8,52,54,5,39,19,3,50,86,18,42,97,128,44,108,85,68,63,47,49,46,95,12,21,101,66,20,59,103,93,83,87,6,23,69,104,65,124,107,29,41,119,71,57,72,118|_G405956]
  085		 25543.2660311989		[89,95,34,18,14,62,96,103,115,47,83,24,16,45,111,27,19,3,22,43,79,54,105,41,7,129,15,125,117,86,72,59,13,20,49,0,61,70,29,82,92,50,21,91,98,53,64,110,48,71,78,33,28,112,106,17,107,39,114,126,42,6,44,75,37,23,94,99,93,55,26,69,30,127,104,40,38,60,1,113,46,57,119,9,116,123,118,122,74,76,80,73,51,81,67,109,8,31,35,85,87,10,2,65,124,36,52,56,100,102,11,97,25,63,84,58,12,101,90,66,121,5,4,128,108,68,88,32,120,77|_G406355]
  086		 25582.5636633073		[19,50,52,105,37,23,26,57,74,5,12,45,107,82,92,89,120,32,61,25,109,67,24,87,85,104,38,111,44,60,10,129,15,27,117,103,108,47,73,11,91,36,39,71,115,88,55,81,101,95,17,20,22,116,114,84,3,53,79,125,65,0,99,51,90,9,21,46,66,119,8,100,110,102,62,123,6,128,127,68,18,83,97,78,64,28,34,7,48,94,93,1,16,69,63,126,75,43,41,54,58,113,29,30,86,122,42,98,56,112,118,35,31,76,80,33,106,96,40,4,124,2,49,70,14,72,121,13,59,77|_G406754]
  087		 25585.0828674466		[104,111,114,53,116,41,12,19,46,66,49,79,82,20,107,45,7,33,69,68,62,26,83,18,52,23,50,121,3,119,72,11,78,43,98,73,105,28,67,118,86,8,35,6,76,90,129,2,13,9,39,32,5,115,30,103,47,81,56,93,25,128,75,0,70,94,109,102,55,42,106,14,37,64,57,99,1,92,125,38,15,113,61,126,16,88,110,74,51,112,24,123,87,120,84,40,34,101,54,59,48,97,80,91,71,117,17,44,10,108,127,77,89,27,65,29,58,36,21,22,124,4,60,63,96,85,31,122,100,95|_G407153]
  088		 25629.8646661371		[11,43,37,53,107,117,30,93,112,69,126,33,80,56,34,22,57,78,8,55,64,91,86,109,18,102,21,13,9,77,66,20,3,5,12,14,59,88,115,7,39,121,51,92,46,119,54,50,105,98,90,16,97,24,26,99,28,79,95,124,2,113,45,52,48,116,129,23,83,100,31,1,15,44,38,36,32,111,0,104,27,108,40,127,63,75,10,4,123,67,118,68,87,25,41,120,65,125,82,70,60,96,62,35,47,110,122,81,74,76,106,94,49,114,61,29,89,58,19,103,128,6,85,42,17,84,71,72,73,101|_G407552]
  089		 25666.9679521546		[31,96,30,117,19,50,125,52,28,42,11,86,79,2,92,53,3,37,18,49,20,61,44,1,82,70,99,115,88,112,25,127,40,108,106,60,93,6,24,128,94,76,35,87,15,34,78,81,110,55,74,98,90,100,57,32,21,7,107,116,58,124,77,113,45,0,27,33,14,51,46,22,121,91,54,17,16,23,109,68,85,63,89,84,129,4,69,104,111,120,95,103,75,38,62,47,97,118,102,71,48,119,72,41,105,43,39,13,29,65,66,36,5,101,59,80,56,8,122,83,67,123,10,114,12,9,26,126,64,73|_G407951]
  090		 25754.6139368383		[4,62,35,112,118,25,109,107,7,82,92,89,2,75,24,67,78,34,43,57,17,20,104,114,27,117,13,23,37,26,33,48,21,9,77,115,76,64,98,80,72,121,16,69,6,123,128,44,38,111,40,129,1,32,58,113,108,63,106,42,96,19,3,53,99,88,81,51,102,97,87,61,125,79,119,5,66,0,127,120,71,105,41,45,70,49,36,59,50,52,22,124,39,101,95,46,14,31,47,18,83,93,94,86,30,91,11,73,74,103,60,10,68,126,116,65,12,15,85,28,56,122,55,110,8,100,90,54,29,84|_G408350]
  091		 25862.0422636960		[76,31,24,109,18,64,37,86,103,40,2,22,66,27,117,59,101,52,79,125,29,4,60,70,1,49,30,67,62,118,106,14,115,42,116,111,120,124,58,50,54,32,17,129,61,7,19,3,41,113,34,95,119,46,121,48,39,51,47,87,104,84,36,20,0,25,28,72,94,57,43,92,9,89,128,6,35,83,122,56,102,55,16,78,99,88,33,126,26,23,93,69,108,123,80,91,105,107,45,38,77,10,15,53,44,65,114,75,21,12,127,63,85,97,110,100,8,81,73,74,71,90,5,98,11,112,96,68,82,13|_G408749]
  092		 25878.1678111091		[14,88,103,87,112,57,119,86,23,17,82,29,32,95,50,45,38,34,41,19,54,59,79,53,107,13,3,48,22,71,37,118,0,7,2,114,40,70,106,6,24,55,73,109,99,78,33,16,117,67,97,31,123,127,65,113,120,77,12,91,81,8,64,18,30,15,4,104,129,1,111,21,20,66,105,43,121,98,5,101,90,51,83,126,68,61,128,93,11,47,26,100,42,115,80,76,122,63,85,25,27,58,84,49,124,46,39,92,125,116,10,75,108,60,89,36,52,28,62,69,96,44,9,102,56,74,72,94,35,110|_G409148]
  093		 25912.4177219581		[14,88,103,87,112,57,119,86,23,17,82,29,32,95,50,45,38,34,41,19,54,59,79,53,107,13,3,48,22,71,37,118,0,7,2,114,40,70,106,6,24,55,73,109,99,78,33,16,117,67,97,31,123,127,65,113,84,77,12,91,81,8,64,18,30,15,4,104,129,1,111,21,20,66,105,43,121,98,5,101,90,51,83,126,68,61,128,93,11,47,26,100,42,115,80,76,122,63,85,25,27,58,120,49,124,46,39,92,125,116,10,75,108,60,89,36,52,28,62,69,96,44,9,102,56,74,72,94,35,110|_G409547]
  094		 25922.2802451043		[45,7,38,33,26,40,111,116,126,25,4,31,35,112,62,94,56,117,1,129,16,5,36,121,105,17,79,92,15,89,2,75,120,99,88,28,100,74,55,122,109,32,58,9,77,113,0,106,61,27,114,125,84,60,123,127,70,10,24,34,14,80,98,64,11,91,51,81,102,110,67,78,73,90,43,22,13,53,30,96,76,115,48,37,8,52,54,82,39,19,3,50,86,18,42,97,128,44,108,85,68,63,47,49,46,95,12,21,101,66,20,59,103,93,83,87,6,23,69,104,65,124,107,29,41,119,71,57,72,118|_G409946]
  095		 26010.0547807365		[126,33,107,129,14,106,34,49,40,127,3,115,88,110,19,50,101,5,17,124,84,79,53,117,45,113,108,10,15,123,67,93,56,71,66,52,99,16,11,8,112,109,128,7,32,121,13,120,114,60,25,44,38,42,26,105,55,18,23,103,83,97,96,87,85,35,94,30,0,104,29,91,98,51,102,76,100,122,78,57,59,43,48,37,75,116,65,82,111,4,70,46,36,92,95,9,20,125,22,39,21,12,54,58,72,74,73,86,90,80,118,31,28,47,62,6,1,61,2,119,64,24,41,77,89,63,27,69,68,81|_G410345]
  096		 26047.3621945141		[2,116,125,46,90,101,79,59,14,88,115,80,76,1,129,114,29,82,32,37,53,43,105,98,30,117,107,113,45,38,36,18,103,19,17,0,104,27,108,25,122,110,91,86,64,55,73,3,48,100,83,42,99,26,67,47,106,94,128,61,92,66,20,50,95,40,70,120,77,12,13,41,15,60,16,28,112,93,11,44,96,126,109,69,123,4,49,78,57,119,54,5,58,84,68,87,111,121,39,9,21,72,33,97,24,35,102,75,10,62,6,85,118,51,74,52,34,22,71,8,81,56,23,31,127,7,124,89,65,63|_G410744]
  097		 26118.5763729762		[68,127,26,14,106,69,128,4,75,63,126,40,111,0,99,117,103,123,62,81,100,34,37,3,1,33,109,18,96,87,42,76,64,105,92,13,41,120,45,115,60,52,5,20,79,38,70,17,50,32,95,121,57,22,12,84,65,27,49,58,67,93,16,94,28,47,91,73,8,72,90,51,97,30,107,108,15,61,104,129,82,46,116,7,10,89,112,83,31,80,88,102,55,74,86,19,113,124,2,78,11,35,24,23,71,98,56,119,59,36,21,39,77,66,125,114,53,54,48,118,110,122,6,25,85,44,43,9,101,29|_G411143]
  098		 26181.6992141287		[54,20,82,46,79,17,40,27,104,108,123,19,49,77,59,1,99,16,126,37,18,11,93,80,112,88,6,61,111,53,127,87,114,70,7,125,84,22,9,119,91,39,29,23,106,97,115,30,42,33,0,26,32,121,120,101,66,58,89,2,45,105,34,92,38,65,129,43,52,73,122,56,28,102,8,74,72,76,98,31,118,103,96,128,15,113,4,44,25,67,55,64,110,83,35,109,86,57,50,41,71,13,21,36,3,5,124,10,75,62,69,47,94,78,24,100,81,14,117,107,95,116,12,51,90,48,60,63,68,85|_G411542]
  099		 26192.4405992572		[105,48,94,93,126,123,63,26,16,37,23,69,115,28,76,106,96,62,67,24,75,104,129,125,79,0,99,53,3,46,66,119,102,74,5,117,15,4,40,2,10,60,103,83,18,11,91,73,100,8,110,98,50,52,19,113,7,61,116,54,112,31,47,55,71,21,9,41,45,70,29,43,33,1,34,78,86,30,32,128,6,122,88,42,17,20,92,121,59,36,12,89,82,107,58,84,27,108,87,80,51,14,49,120,13,124,39,95,101,77,127,38,111,44,72,64,118,25,109,35,97,68,85,114,65,57,22,90,56,81|_G411941]
  100		 26215.0571689397		[66,54,17,117,108,60,62,83,118,67,31,74,122,97,16,126,75,28,34,107,45,36,113,38,104,111,127,77,58,61,103,105,129,27,128,115,30,96,85,123,40,106,125,92,29,84,65,99,1,0,88,14,37,23,64,119,41,3,50,121,39,70,26,86,11,8,81,100,91,79,49,4,2,13,12,22,18,94,73,80,72,52,120,32,19,46,101,82,20,124,25,69,47,87,42,35,48,59,90,33,7,43,78,109,93,76,55,102,56,24,53,44,10,114,116,89,21,9,95,57,98,5,15,63,68,6,112,110,51,71|_G412340]
=================================================================================================================================================================== 
