=================================================================================================================================================================== 
                                                         Resultados Algoritmo Genético Caixeiro Viajante                                                           
=================================================================================================================================================================== 
                                                                            Parâmetros                                                                             
------------------------------------------------------------------------------------------------------------------------------------------------------------------- 
	Data =  28/05/2015 16:25:10 	Tempo de execução =  14.648s 	Tamanho da população =  3 	Número de gerações =  3

	Taxa de migração =  10.00% 		Limite de erro =  122200 			Limite do Torneio em Habitat =  1.00

=================================================================================================================================================================== 
                                                                            Soluções                                                                              
Posição  		Distância                                                              Trajeto                                                              
------------------------------------------------------------------------------------------------------------------------------------------------------------------- 
  001		 13597.3664965953		[63,68,25,123,87,85,96,106,126,16,18,93,109,24,112,31,118,83,35,97,88,76,8,74,64,56,11,80,72,71,43,36,22,39,121,21,92,107,82,125,45,3,53,50,41,54,46,66,95,13,5,101,9,12,48,105,59,57,91,51,73,55,81,102,78,94,99,33,103,62,67,47,6,69,42,1,32,119,52,90,98,26,30,115,23,14,37,129,127,61,116,2,20,79,49,0,60,108,75,10,44,114,70,7,77,120,58,124,89,65,84,29,113,38,15,128,4,40,104,111,27,17,19,117,34,28,86,100,122,110|_G71860]
  002		 13801.7322938004		[80,11,72,71,90,98,102,55,74,64,8,56,78,109,93,112,31,118,83,35,24,28,99,33,42,69,6,62,103,14,23,26,18,16,126,106,96,67,97,88,115,30,37,34,41,50,121,39,22,36,46,54,119,13,66,95,32,92,21,12,9,101,5,3,53,1,19,117,17,38,15,113,7,58,29,89,124,65,84,129,40,104,111,27,61,116,2,20,79,49,0,4,128,60,87,25,123,68,63,85,108,75,10,44,70,114,125,82,107,45,43,77,120,127,52,91,57,59,48,105,86,76,81,122,110,100,73,51,94,47|_G72259]
  003		 14491.8218356058		[62,6,69,103,23,14,26,37,115,30,34,41,50,121,39,22,36,46,54,119,13,66,95,32,92,21,12,9,101,5,3,53,1,19,117,17,38,15,113,7,58,29,89,124,65,77,120,20,79,49,2,82,116,61,127,129,104,111,27,0,114,70,44,10,75,108,63,68,25,123,87,85,96,106,126,16,18,93,109,24,128,60,4,40,43,45,107,125,33,99,28,86,56,8,55,74,64,51,91,57,52,59,48,105,88,97,67,47,42,94,80,11,72,71,90,98,102,76,31,112,35,83,118,81,73,78,100,122,110,84|_G72658]
=================================================================================================================================================================== 
