=================================================================================================================================================================== 
                                                         Resultados Algoritmo Genético Caixeiro Viajante                                                           
=================================================================================================================================================================== 
                                                                            Parâmetros                                                                             
------------------------------------------------------------------------------------------------------------------------------------------------------------------- 
	Data =  28/05/2015 16:40:56 	Tempo de execução =  1.809s 	Tamanho da população =  5 	Número de gerações =  15

	Taxa de migração =  10.00% 		Limite de erro =  122200 			Limite do Torneio em Habitat =  1.00

=================================================================================================================================================================== 
                                                                            Soluções                                                                              
Posição  		Distância                                                              Trajeto                                                              
------------------------------------------------------------------------------------------------------------------------------------------------------------------- 
  001		 8438.8499700687		[54,121,46,39,36,22,21,92,43,41,50,59,119,48,52,57,105,3,53,16,18,30,33,115,86,80,11,78,94,28,23,14,99,26,42,106,126,103,62,67,47,97,109,88,112,31,83,118,35,24,6,63,68,87,85,128,123,25,96,69,60,108,75,10,4,44,15,127,104,61,111,116,38,70,40,0,1,117,79,45,19,17,7,107,125,113,2,49,129,34,71,90,98,74,73,51,8,55,56,81,100,122,110,102,76,93,64,72,91,37,32,20,82,29,58,120,77,89,124,84,65,27,114,12,66,95,13,9,101,5|_G47941]
  002		 8586.8919075631		[99,26,33,30,18,115,86,80,11,78,94,28,23,14,42,106,126,103,62,67,47,97,109,88,112,31,83,118,35,24,6,63,68,87,85,128,123,25,96,69,60,108,75,10,4,44,15,127,104,61,111,116,38,70,40,0,49,129,2,113,125,107,7,17,19,45,79,117,34,1,16,53,3,41,50,59,119,48,52,57,105,71,90,98,74,73,51,8,55,56,81,100,122,110,102,76,93,64,72,91,37,54,121,46,39,36,22,21,92,43,32,20,82,29,58,120,77,89,124,84,65,27,114,12,66,95,13,9,101,5|_G48340]
  003		 8639.1547294136		[73,74,51,8,55,56,81,100,122,110,64,98,90,5,101,9,13,66,95,12,117,79,45,19,1,34,43,92,21,22,36,39,46,121,54,50,41,59,119,52,57,48,105,37,78,94,28,14,23,99,26,30,33,103,42,126,106,0,40,70,38,116,111,61,104,127,15,44,4,10,75,108,60,128,123,25,96,69,6,67,62,47,24,97,109,88,93,76,102,86,80,11,71,91,72,115,18,16,53,3,32,20,17,7,107,125,113,82,2,29,58,120,77,89,84,124,65,27,114,49,129,63,68,87,85,112,31,35,83,118|_G48739]
  004		 8675.5945839623		[33,30,18,115,86,80,11,78,94,28,23,14,99,26,42,106,126,103,62,67,47,97,109,88,112,31,83,118,35,24,6,63,68,87,85,128,123,25,96,69,60,108,75,10,4,44,15,127,104,61,111,116,38,70,40,0,1,117,79,45,19,17,7,107,125,113,2,49,129,34,16,53,3,41,50,59,119,48,52,57,105,71,90,98,74,73,51,8,55,56,81,100,122,110,102,76,93,64,72,91,37,54,121,46,39,36,22,21,92,43,32,20,82,29,58,120,77,89,124,84,65,27,114,12,66,95,13,9,101,5,_G49140]
  005		 8704.0425465351		[82,113,2,125,107,7,17,19,45,79,117,1,49,129,0,40,70,38,116,111,104,61,127,15,44,75,108,60,128,123,25,96,69,126,106,103,42,26,99,14,23,94,78,28,88,109,97,47,67,62,6,24,31,112,35,118,83,93,76,102,80,86,11,115,18,30,33,63,68,87,85,10,4,34,16,53,3,41,50,59,119,48,52,57,105,71,90,98,74,73,51,8,55,56,81,100,122,110,64,72,91,37,54,121,46,39,36,22,21,92,43,32,20,29,58,120,77,89,124,84,65,27,114,12,66,95,13,9,101,5|_G49540]
=================================================================================================================================================================== 
