=================================================================================================================================================================== 
                                                      Resultados Algoritmo Genético Liberação de Fármaco                                                        
=================================================================================================================================================================== 
                                                                            Parâmetros                                                                             
------------------------------------------------------------------------------------------------------------------------------------------------------------------- 
	Data =  04/05/2015 20:48:18 	Tempo de execução =  699.633s 	Tamanho da população =  100 	Número de gerações =  1000 	 Limite máximo de tempo =  100

	Taxa de migração =  10.00% 		Limite de erro =  1 			Limite do Torneio em Habitat =  0.13 		Número de pontos da curva de referência =  100

	Referência, Tamanho, Limite Inferior e Limite Superior: 	D	=	1.35e-5		Td	=	16		Lid	 =	4.2e-7		Lsd	 =	4.82e-5
																Cs	=	16.2		Tcs	=	16		Lics =	2.7			Lscs =	40
																A	=	70			Ta	=	16		Lia	 =	33.3		Lsa	 =	133.1
																H	=	0.167		Th	=	16		Lih	 =	0.164		Lsh	 =	0.17
=================================================================================================================================================================== 
                                                                            Soluções                                                                              
                       Posição                        Fitness                        D                         Cs                        A                        
------------------------------------------------------------------------------------------------------------------------------------------------------------------- 
						 001						0.0000001537				0.0000106823			  28.1200729370				95.2988616943
						 002						0.0000002262				0.0000055643			  35.4598678589				36.0730682373
						 003						0.0000002283				0.0000055657			  34.0142196655				34.9659729004
						 004						0.0000002384				0.0000108456			  14.4962615967				46.7526550293
						 005						0.0000002994				0.0000055643			  35.3409149170				35.9268768311
						 006						0.0000003566				0.0000055650			  37.5230468750				35.0116577148
						 007						0.0000004234				0.0000104191			  34.0921936035				109.5190216064
						 008						0.0000004896				0.0000055650			  35.3949844360				34.5076019287
						 009						0.0000005234				0.0000314184			  8.5844711304				91.1811370850
						 010						0.0000005603				0.0000101734			  35.6180923462				110.1997253418
						 011						0.0000006065				0.0000383460			  7.9595413208				104.4693267822
						 012						0.0000006329				0.0000055643			  36.0221908569				35.4441406250
						 013						0.0000006884				0.0000055657			  36.5725616455				35.7091125488
						 014						0.0000007354				0.0000329159			  4.7432586670				52.8561462402
						 015						0.0000007523				0.0000055657			  36.9106384277				36.0806823730
						 016						0.0000008115				0.0000055657			  36.8241271973				35.6847473145
						 017						0.0000008856				0.0000140542			  27.1917846680				127.4670623779
						 018						0.0000008915				0.0000055643			  35.7188323975				36.3700195312
						 019						0.0000008973				0.0000106116			  14.6152145386				46.9810791016
						 020						0.0000009401				0.0000118991			  32.1701644897				120.4285552979
						 021						0.0000009476				0.0000314191			  8.9145797729				93.7745117188
						 022						0.0000009721				0.0000055891			  32.0899139404				35.4959167480
						 023						0.0000009799				0.0000106984			  14.4689422607				46.9765106201
						 024						0.0000010180				0.0000071522			  19.6066848755				36.0745910645
						 025						0.0000010720				0.0000055657			  36.4678375244				35.4608917236
						 026						0.0000011596				0.0000324318			  4.7421203613				52.0246826172
						 027						0.0000011953				0.0000055665			  36.1013031006				35.0466827393
						 028						0.0000012192				0.0000282411			  13.1359863281				125.8955047607
						 029						0.0000012428				0.0000055701			  36.4200286865				35.0527740479
						 030						0.0000013452				0.0000055650			  35.5554855347				36.3273803711
						 031						0.0000013940				0.0000108456			  17.9550033569				60.5707885742
						 032						0.0000014252				0.0000099226			  20.2743011475				62.5809204102
						 033						0.0000014433				0.0000062992			  32.0108016968				48.6638031006
						 034						0.0000014670				0.0000146069			  18.9504516602				90.4105865479
						 035						0.0000015593				0.0000055643			  36.8861648560				36.2360107422
						 036						0.0000015593				0.0000055643			  36.5162155151				35.8903289795
						 037						0.0000017879				0.0000104191			  34.1616302490				109.7581054688
						 038						0.0000018049				0.0000071551			  19.6892120361				36.2421020508
						 039						0.0000018790				0.0000055643			  38.9260086060				39.6380065918
						 040						0.0000018881				0.0000055657			  34.5406860352				35.4593688965
						 041						0.0000019721				0.0000063714			  25.9197280884				41.2445892334
						 042						0.0000019978				0.0000448631			  8.3579483032				129.6188171387
						 043						0.0000020368				0.0000055643			  35.5680068970				36.1629150391
						 044						0.0000020753				0.0000055643			  36.2287933350				35.6405853271
						 045						0.0000021023				0.0000147396			  18.7267745972				90.3633789063
						 046						0.0000021692				0.0000140448			  26.0147766113				122.3305664062
						 047						0.0000021867				0.0000055657			  33.9237243652				35.1563262939
						 048						0.0000021941				0.0000055643			  35.5685760498				34.9933837891
						 049						0.0000022065				0.0000324588			  4.7796844482				53.6297424316
						 050						0.0000022526				0.0000055643			  36.7512756348				36.1522552490
						 051						0.0000022604				0.0000106240			  28.2839889526				95.3491149902
						 052						0.0000022610				0.0000246016			  6.5702392578				56.7682891846
						 053						0.0000022771				0.0000282535			  12.8536865234				123.2564453125
						 054						0.0000022887				0.0000063057			  32.0603179932				48.8389282227
						 055						0.0000023180				0.0000444672			  8.3255065918				127.9300018311
						 056						0.0000023181				0.0000055657			  35.9635681152				35.0162261963
						 057						0.0000023201				0.0000106845			  28.1610519409				95.4907379150
						 058						0.0000023743				0.0000055643			  35.3904312134				34.7649597168
						 059						0.0000024530				0.0000063859			  25.6294601440				41.1227630615
						 060						0.0000025140				0.0000055657			  34.1502471924				35.1045501709
						 061						0.0000026149				0.0000060229			  26.7501220703				38.8963897705
						 062						0.0000026509				0.0000055643			  32.2401702881				34.9583587646
						 063						0.0000026780				0.0000062992			  32.0597488403				48.5191345215
						 064						0.0000027881				0.0000055643			  35.7820083618				35.0375457764
						 065						0.0000028023				0.0000055657			  35.7313537598				36.6258544922
						 066						0.0000028059				0.0000105832			  29.2839904785				95.4511444092
						 067						0.0000028338				0.0000055650			  35.9925949097				35.2872894287
						 068						0.0000029069				0.0000055657			  36.6755783081				35.8218017578
						 069						0.0000030475				0.0000055672			  38.4393829346				39.7324218750
						 070						0.0000031890				0.0000055657			  37.5241851807				36.6304229736
						 071						0.0000032563				0.0000055657			  36.4416564941				35.6192657471
						 072						0.0000032868				0.0000055708			  32.0887756348				34.9355163574
						 073						0.0000033528				0.0000055650			  35.5412567139				34.7832336426
						 074						0.0000034818				0.0000055665			  38.4262924194				39.5451141357
						 075						0.0000035090				0.0000055657			  36.3244110107				35.3954101562
						 076						0.0000035539				0.0000371306			  4.1655685425				52.6505645752
						 077						0.0000036577				0.0000055643			  36.3932785034				35.8096191406
						 078						0.0000036847				0.0000055650			  35.3949844360				36.3273803711
						 079						0.0000036903				0.0000063845			  25.6294601440				41.7516906738
						 080						0.0000037214				0.0000063108			  36.1798461914				54.9576477051
						 081						0.0000037708				0.0000055657			  36.9168991089				34.3142028809
						 082						0.0000038331				0.0000071813			  19.6112380981				36.3822021484
						 083						0.0000039051				0.0000107049			  18.2481170654				60.5525146484
						 084						0.0000039314				0.0000286195			  12.8986495972				125.1142944336
						 085						0.0000040148				0.0000245929			  6.2515136719				50.6099761963
						 086						0.0000040161				0.0000280734			  13.4376373291				127.6635070801
						 087						0.0000040952				0.0000055657			  36.8440475464				35.8309387207
						 088						0.0000041284				0.0000283344			  12.8980804443				123.7544097900
						 089						0.0000042063				0.0000373245			  4.1593078613				52.8576690674
						 090						0.0000042324				0.0000448521			  8.3334747314				129.2106994629
						 091						0.0000044407				0.0000282929			  13.0682571411				125.7112426758
						 092						0.0000046281				0.0000107961			  18.2071380615				60.9926116943
						 093						0.0000047576				0.0000147009			  18.6066833496				89.4527282715
						 094						0.0000048491				0.0000055672			  32.4228683472				35.0070892334
						 095						0.0000050609				0.0000283366			  12.8969421387				123.9386718750
						 096						0.0000050960				0.0000108187			  12.7922180176				42.3334106445
						 097						0.0000126232				0.0000272117			  7.3300582886				68.9341552734
						 098						0.0000169160				0.0000256172			  9.6971649170				82.1035644531
						 099						0.0000174646				0.0000272080			  7.3283508301				68.7986236572
						 100						0.0000248525				0.0000098621			  20.4336639404				62.5717834473
=================================================================================================================================================================== 
