=================================================================================================================================================================== 
                                                      Resultados Algoritmo Genético Liberação de Fármaco                                                        
=================================================================================================================================================================== 
                                                                            Parâmetros                                                                             
------------------------------------------------------------------------------------------------------------------------------------------------------------------- 
	Data =  05/05/2015 14:29:09 	Tempo de execução =  59.156s 	Tamanho da população =  100 	Número de gerações =  100 	 Limite máximo de tempo =  100

	Taxa de migração =  10.00% 		Limite de erro =  1 			Limite do Torneio em Habitat =  0.13 		Número de pontos da curva de referência =  1

	Referência, Tamanho, Limite Inferior e Limite Superior: 	D	=	1.35e-5		Td	=	16		Lid	 =	4.2e-7		Lsd	 =	4.82e-5
																Cs	=	16.2		Tcs	=	16		Lics =	2.7			Lscs =	40
																A	=	70			Ta	=	16		Lia	 =	33.3		Lsa	 =	133.1
																H	=	0.167		Th	=	16		Lih	 =	0.164		Lsh	 =	0.17
=================================================================================================================================================================== 
                                                                            Soluções                                                                              
                      Posição                        Fitness                       D                        Cs                        A                       H 
------------------------------------------------------------------------------------------------------------------------------------------------------------------- 
						 001						-18.6278070911				0.0000106823			  28.1200729370				95.2988616943				0.1646947937
						 002						-18.2320853236				0.0000055657			  34.0142196655				34.9659729004				0.1675445557
						 003						-17.9607070139				0.0000055643			  35.3409149170				35.9268768311				0.1675624084
						 004						-17.4689464702				0.0000055650			  35.3949844360				34.5076019287				0.1675402527
						 005						-17.3341795988				0.0000101734			  35.6180923462				110.1997253418				0.1668197327
						 006						-17.2122813441				0.0000055643			  36.0221908569				35.4441406250				0.1675624084
						 007						-17.1281792373				0.0000055657			  36.5725616455				35.7091125488				0.1675576477
						 008						-17.0394507559				0.0000055657			  36.9106384277				36.0806823730				0.1675623169
						 009						-16.9636981900				0.0000055657			  36.8241271973				35.6847473145				0.1675212097
						 010						-16.8763284522				0.0000140542			  27.1917846680				127.4670623779				0.1644281921
						 011						-16.8696289862				0.0000055643			  35.7188323975				36.3700195312				0.1675578308
						 012						-16.8165443920				0.0000118991			  32.1701644897				120.4285552979				0.1667370605
						 013						-16.7830988709				0.0000055891			  32.0899139404				35.4959167480				0.1671825562
						 014						-16.7369396607				0.0000071522			  19.6066848755				36.0745910645				0.1690461121
						 015						-16.6852522613				0.0000055657			  36.4678375244				35.4608917236				0.1675390625
						 016						-16.5764348542				0.0000055665			  36.1013031006				35.0466827393				0.1675417175
						 017						-16.5374759038				0.0000055701			  36.4200286865				35.0527740479				0.1675449219
						 018						-16.4004718211				0.0000099226			  20.2743011475				62.5809204102				0.1649059143
						 019						-16.3716175616				0.0000146069			  18.9504516602				90.4105865479				0.1663347778
						 020						-16.1737565638				0.0000104191			  34.1616302490				109.7581054688				0.1662569580
						 021						-16.1643195116				0.0000071551			  19.6892120361				36.2421020508				0.1690576477
						 022						-16.1240833612				0.0000055643			  38.9260086060				39.6380065918				0.1675576477
						 023						-16.0247165590				0.0000055643			  36.2287933350				35.6405853271				0.1675618591
						 024						-16.0117778070				0.0000147396			  18.7267745972				90.3633789063				0.1662526550
						 025						-15.9804380235				0.0000140448			  26.0147766113				122.3305664062				0.1641471252
						 026						-15.9724316030				0.0000055657			  33.9237243652				35.1563262939				0.1675036316
						 027						-15.9690524341				0.0000055643			  35.5685760498				34.9933837891				0.1675620422
						 028						-15.9634170206				0.0000324588			  4.7796844482				53.6297424316				0.1670355225
						 029						-15.9141207505				0.0000444672			  8.3255065918				127.9300018311				0.1681126404
						 030						-15.9140691006				0.0000055657			  35.9635681152				35.0162261963				0.1675452881
						 031						-15.8575191695				0.0000063859			  25.6294601440				41.1227630615				0.1663027344
						 032						-15.7799020706				0.0000055643			  32.2401702881				34.9583587646				0.1670773621
						 033						-15.7697389716				0.0000062992			  32.0597488403				48.5191345215				0.1677349854
						 034						-15.7682623325				0.0000055643			  36.7518447876				36.1522552490				0.1675616760
						 035						-15.7243822144				0.0000055657			  35.7313537598				36.6258544922				0.1675566406
						 036						-15.7230805023				0.0000105832			  29.2839904785				95.4511444092				0.1665776672
						 037						-15.7131914954				0.0000055650			  35.9925949097				35.2872894287				0.1675622253
						 038						-15.7052937132				0.0000055643			  35.5685760498				36.1629150391				0.1675620422
						 039						-15.5923769381				0.0000055643			  35.3910003662				34.7649597168				0.1675575562
						 040						-15.5742160852				0.0000055657			  36.4416564941				35.6192657471				0.1675619507
						 041						-15.5648889299				0.0000055708			  32.0887756348				34.9355163574				0.1671258850
						 042						-15.5344636548				0.0000055650			  35.5406875610				34.7832336426				0.1675559082
						 043						-15.5072492623				0.0000055665			  38.4262924194				39.5451141357				0.1675505066
						 044						-15.4994821253				0.0000055657			  36.3244110107				35.3954101562				0.1675489502
						 045						-15.4579810686				0.0000055643			  36.3932785034				35.8096191406				0.1675624084
						 046						-15.4540349155				0.0000055643			  36.5167846680				35.8903289795				0.1675592041
						 047						-15.4506352426				0.0000055650			  35.3949844360				36.3273803711				0.1675404358
						 048						-15.4490936146				0.0000063845			  25.6294601440				41.7516906738				0.1655883484
						 049						-15.4407024053				0.0000063108			  36.1798461914				54.9576477051				0.1677324219
						 050						-15.4353228647				0.0000055643			  35.7825775146				35.0375457764				0.1675468445
						 051						-15.4275145071				0.0000055657			  36.9168991089				34.3142028809				0.1671238708
						 052						-15.3449953528				0.0000055657			  36.8440475464				35.8309387207				0.1675396118
						 053						-15.3182196099				0.0000373245			  4.1593078613				52.8576690674				0.1687650452
						 054						-15.3120440765				0.0000448521			  8.3334747314				129.2106994629				0.1681056824
						 055						-15.3060760638				0.0000055657			  36.6761474609				35.8218017578				0.1675590210
						 056						-15.2640013038				0.0000282929			  13.0682571411				125.7112426758				0.1677700500
						 057						-15.2226580132				0.0000107961			  18.2071380615				60.9926116943				0.1663638000
						 058						-15.1763716247				0.0000055643			  35.4592987061				36.0730682373				0.1675604858
						 059						-15.1760204485				0.0000055672			  32.4228683472				35.0070892334				0.1671712952
						 060						-15.1548678993				0.0000055650			  35.5549163818				36.3273803711				0.1675578308
						 061						-15.0982012921				0.0000283366			  12.8969421387				123.9386718750				0.1679795227
						 062						-15.0978193487				0.0000108187			  12.7922180176				42.3334106445				0.1673762817
						 063						-15.0011376726				0.0000055672			  38.4388137817				39.7324218750				0.1675397949
						 064						-14.9933487350				0.0000055657			  34.1508163452				35.1045501709				0.1675447388
						 065						-14.9039707553				0.0000286195			  12.8986495972				125.1142944336				0.1680747375
						 066						-14.8828945269				0.0000107049			  18.2481170654				60.5525146484				0.1663086853
						 067						-14.8736495810				0.0000055643			  36.8855957031				36.2360107422				0.1675578308
						 068						-14.6442075526				0.0000106240			  28.2839889526				95.3491149902				0.1646036987
						 069						-14.5703470653				0.0000062992			  32.0108016968				48.6638031006				0.1675429993
						 070						-14.5559593738				0.0000108456			  17.9550033569				60.5707885742				0.1662640991
						 071						-14.5471107049				0.0000324318			  4.7421203613				52.0246826172				0.1687651367
						 072						-14.5208770714				0.0000106984			  14.4689422607				46.9765106201				0.1677512817
						 073						-14.4859585301				0.0000383460			  7.9595413208				104.4693267822				0.1684302368
						 074						-14.3837077111				0.0000055650			  37.5230468750				35.0116577148				0.1671640625
						 075						-14.3768606731				0.0000314184			  8.5844711304				91.1811370850				0.1686828308
						 076						-14.3424952582				0.0000314191			  8.9145797729				93.7745117188				0.1694631348
						 077						-14.2196898641				0.0000063057			  32.0603179932				48.8389282227				0.1675426331
						 078						-14.2192765619				0.0000272117			  7.3300582886				68.9341552734				0.1663011780
						 079						-14.1850221208				0.0000060229			  26.7501220703				38.8963897705				0.1656346741
						 080						-14.1295402654				0.0000371306			  4.1655685425				52.6505645752				0.1687646790
						 081						-14.1103275571				0.0000071813			  19.6112380981				36.3822021484				0.1689511719
						 082						-14.0359108473				0.0000147009			  18.6066833496				89.4527282715				0.1663059387
						 083						-13.9581081997				0.0000245929			  6.2515136719				50.6099761963				0.1696215210
						 084						-13.9265490665				0.0000256172			  9.6971649170				82.1035644531				0.1695253906
						 085						-13.8458946015				0.0000282535			  12.8536865234				123.2564453125				0.1679040833
						 086						-13.7898460229				0.0000282411			  13.1359863281				125.8955047607				0.1679104004
						 087						-13.7723908077				0.0000106116			  14.6152145386				46.9810791016				0.1677510986
						 088						-13.7704400499				0.0000329159			  4.7432586670				52.8561462402				0.1687601929
						 089						-13.7548294171				0.0000055657			  34.5401168823				35.4593688965				0.1675505066
						 090						-13.6374459848				0.0000448631			  8.3579483032				129.6188171387				0.1681079712
						 091						-13.5518444785				0.0000280734			  13.4376373291				127.6635070801				0.1681052246
						 092						-13.3398345252				0.0000108456			  14.4962615967				46.7526550293				0.1693627930
						 093						-13.3272278674				0.0000104191			  34.0921936035				109.5190216064				0.1662665710
						 094						-13.1896474209				0.0000098621			  20.4336639404				62.5717834473				0.1649317322
						 095						-13.0974380993				0.0000315919			  8.9310852051				95.3521606445				0.1687342834
						 096						-12.9632112907				0.0000246016			  6.5702392578				56.7682891846				0.1645580139
						 097						-12.5866145157				0.0000283344			  12.8980804443				123.7528869629				0.1680985413
						 098						-12.5616013448				0.0000063714			  25.9191589355				41.2445892334				0.1664872131
						 099						-12.4224690809				0.0000272080			  7.3283508301				68.7986236572				0.1664256897
						 100						-11.9480595463				0.0000106845			  28.1610519409				95.4922607422				0.1646738281
=================================================================================================================================================================== 
