=================================================================================================================================================================== 
                                                         Resultados Algoritmo Genético Caixeiro Viajante                                                           
=================================================================================================================================================================== 
                                                                            Parâmetros                                                                             
------------------------------------------------------------------------------------------------------------------------------------------------------------------- 
	Data =  31/03/2015 15:28:18 	Tempo de execução =  45.833s 	Tamanho da população =  200 	Número de gerações =  100

	Taxa de migração =  10.00% 		Limite de erro =  122200 			Limite do Torneio em Habitat =  100.00

=================================================================================================================================================================== 
                                                                            Soluções                                                                              
Posição  		Distância                                                              Trajeto                                                              
------------------------------------------------------------------------------------------------------------------------------------------------------------------- 
  001		 29960.5305419287		[122,31,54,57,81,51,76,11,118,18,88,102,14,86,121,93,56,110,72,74,8,100,24,47,96,69,40,15,29,23,53,19,39,13,43,101,115,95,61,44,77,58,7,87,64,90,50,59,65,107,12,10,112,1,104,124,84,27,129,103,33,25,6,85,89,22,21,92,75,62,109,17,60,116,38,0,79,127,126,46,66,36,108,123,68,114,20,71,91,30,119,98,37,16,117,82,113,120,32,5,2,45,3,49,28,125,111,41,9,26,106,70,99,73,48,52,105,94,55,4,63,128,35,67,34,80,42,97,78,83|_G11887033]
  002		 30094.7340711133		[122,31,54,57,81,51,76,11,118,18,88,102,14,86,101,93,56,110,72,74,8,100,24,47,96,69,40,15,29,23,53,19,39,13,43,121,115,95,61,44,77,58,7,87,64,90,50,59,65,107,12,10,112,1,104,124,84,27,129,103,33,25,6,85,89,22,21,92,75,62,109,17,60,116,38,0,79,127,126,46,66,36,108,123,68,114,20,71,91,30,119,98,37,16,117,82,113,120,32,5,2,45,3,49,28,125,111,41,9,26,106,63,99,73,48,52,105,94,55,4,70,128,35,67,34,80,42,97,78,83|_G11887033]
  003		 30099.7657365196		[94,30,33,96,19,37,71,90,31,112,110,78,80,10,65,124,77,57,91,48,7,12,46,79,43,101,58,2,13,9,21,121,107,113,84,29,55,38,127,14,105,63,106,15,99,56,23,45,109,103,111,32,92,53,17,70,75,20,39,54,115,117,3,100,122,86,42,108,123,68,50,6,25,8,11,93,73,98,18,59,36,5,118,67,41,52,119,66,40,0,116,27,60,114,82,128,62,83,64,72,74,76,51,69,81,28,1,44,61,104,16,125,120,49,89,95,22,34,129,24,85,102,35,47,97,26,4,126,87,88|_G11887033]
  004		 30199.2100974771		[116,30,36,69,125,37,92,129,24,85,6,16,8,73,81,98,18,5,75,1,17,51,64,26,56,55,102,35,71,90,31,112,110,122,105,95,22,46,39,50,54,72,74,100,80,52,109,83,14,42,25,123,19,53,93,99,47,63,58,2,38,127,12,32,11,91,57,21,117,13,9,86,128,62,103,115,78,97,126,45,3,119,66,41,20,48,68,67,4,40,113,43,10,77,114,15,29,89,82,124,84,121,101,59,23,28,108,33,120,49,107,0,76,70,87,34,79,94,7,111,104,60,96,118,88,106,44,61,65,27|_G11887033]
  005		 30312.7610381124		[122,31,54,57,98,91,11,65,58,77,13,43,121,115,78,111,118,18,88,102,126,19,32,107,7,12,95,20,5,90,9,117,73,27,61,79,127,129,42,33,93,82,104,75,22,108,123,68,85,25,6,114,89,62,109,112,1,67,124,84,2,45,3,49,63,128,35,56,110,72,74,8,52,119,39,14,26,106,70,16,46,66,36,50,101,125,44,103,40,15,29,47,96,10,4,55,28,94,30,83,81,51,76,17,60,116,38,0,24,21,41,99,59,105,71,64,34,48,23,53,113,120,92,100,37,69,97,87,80,86|_G11887033]
  006		 30349.0189878151		[94,30,33,96,19,37,71,90,31,112,110,78,80,10,65,124,77,57,91,48,7,12,46,79,43,101,58,2,13,9,21,121,107,113,84,29,55,38,127,14,105,63,106,15,99,56,23,45,109,103,111,32,92,53,17,70,75,20,39,54,115,117,3,100,122,86,42,108,123,68,50,6,25,8,11,93,81,98,18,59,36,5,47,97,26,4,126,87,40,0,116,27,60,114,82,128,62,83,64,72,74,76,51,69,73,28,1,44,61,104,16,125,120,49,89,95,22,34,129,24,85,102,35,118,67,41,52,119,66,88|_G11887033]
  007		 30356.3274756292		[94,30,33,14,118,67,63,106,23,45,109,103,111,32,92,129,31,113,58,2,48,55,86,65,15,43,59,53,17,70,84,20,36,66,60,87,123,68,85,69,78,76,5,95,12,61,44,107,90,110,51,80,10,128,62,83,115,117,4,126,114,89,116,27,24,3,52,35,39,79,64,72,74,100,122,102,124,77,57,105,71,54,19,112,47,88,34,13,9,21,121,1,104,82,0,75,29,7,22,101,40,38,127,96,97,26,119,42,99,56,91,37,6,16,125,120,49,46,50,108,25,8,98,73,81,11,18,41,93,28|_G11887033]
  008		 30551.1855415054		[122,31,54,57,98,91,16,65,58,77,13,43,121,115,78,111,118,18,88,102,126,19,32,107,7,12,95,20,5,90,9,117,73,27,61,44,103,40,92,64,37,30,83,81,51,76,17,60,116,38,0,79,127,129,42,33,93,15,29,23,53,113,120,82,104,75,62,108,123,68,85,25,6,114,89,22,34,48,47,67,124,84,2,97,3,49,63,128,35,56,110,72,74,8,52,119,39,14,26,106,70,11,24,66,36,50,101,125,46,21,41,87,100,105,71,59,109,112,1,96,69,4,99,28,94,10,45,55,80,86|_G11887033]
  009		 30618.0023828290		[116,30,36,69,125,37,92,129,24,85,6,16,8,73,81,98,18,5,75,1,17,51,64,26,56,55,102,35,71,90,31,112,110,122,105,109,83,14,42,25,123,19,53,93,99,47,63,58,2,38,127,12,32,11,91,57,21,117,13,9,86,128,62,103,115,78,97,126,45,3,119,66,41,20,48,68,67,4,79,0,76,70,87,114,15,29,89,82,124,111,104,60,96,118,28,44,33,120,49,40,113,43,84,77,34,107,94,7,10,95,22,46,39,50,54,72,74,100,80,52,121,101,59,23,88,106,108,61,65,27|_G11887033]
  010		 30630.2450493440		[122,43,59,92,83,13,9,98,91,16,117,79,127,61,77,82,40,15,29,46,5,121,34,58,65,12,73,96,69,103,33,63,26,88,102,56,42,97,25,108,123,68,85,20,27,17,78,116,38,0,44,1,104,75,84,2,129,4,21,10,128,35,48,110,118,74,90,8,55,95,107,94,106,66,36,71,72,18,125,32,22,114,7,113,45,124,89,54,57,81,51,76,112,50,120,52,115,11,80,28,67,87,109,53,19,101,3,70,60,111,37,23,30,39,86,64,14,41,119,100,105,99,24,93,47,62,126,6,31,49|_G11887033]
  011		 30646.1592351979		[116,30,52,109,112,63,108,60,87,114,15,65,89,82,124,13,121,4,118,83,110,68,128,62,106,115,10,97,126,34,107,45,120,49,40,117,101,59,27,111,44,69,96,58,2,38,127,84,29,16,12,32,102,35,71,90,8,73,81,98,18,86,14,42,25,123,19,53,93,47,11,75,1,17,122,72,74,80,48,36,33,125,70,20,100,51,56,55,79,0,76,37,92,129,24,85,6,7,31,67,99,5,91,57,28,119,66,41,43,104,61,77,94,105,95,22,46,39,50,54,64,26,78,3,113,23,88,103,21,9|_G11887033]
  012		 30648.0835761829		[122,31,54,57,98,91,16,65,58,77,13,43,121,115,78,111,118,18,88,67,126,19,32,107,7,12,95,20,5,90,9,117,73,27,61,44,103,40,92,64,37,30,83,81,51,76,17,60,116,38,0,79,127,129,42,33,93,15,29,23,53,75,62,108,123,68,85,25,6,114,113,120,82,104,89,22,34,48,47,102,124,84,2,97,3,49,63,128,35,56,110,72,74,8,52,119,39,14,26,106,70,11,24,66,36,50,101,125,46,21,41,87,59,105,71,100,109,112,1,96,69,4,99,28,94,10,45,55,80,86|_G11887033]
  013		 30651.8760801843		[122,43,59,92,83,13,9,98,91,16,117,79,127,61,77,82,40,15,29,46,5,121,34,58,65,12,73,96,69,103,33,63,26,88,102,56,42,97,25,108,123,68,85,20,27,17,78,116,38,0,44,1,104,75,84,2,129,4,21,10,128,35,48,110,118,74,90,8,55,95,107,94,106,66,36,71,72,18,125,32,22,114,7,113,45,124,89,54,57,81,51,76,112,50,120,52,115,11,80,28,67,87,109,53,19,101,3,70,60,111,37,41,119,100,105,99,24,30,23,39,86,64,14,93,47,62,126,6,31,49|_G11887033]
  014		 30655.5706965717		[122,31,54,57,81,51,76,11,118,18,88,102,14,86,101,93,56,110,72,74,8,100,24,47,96,69,40,15,29,23,53,19,39,13,43,121,115,95,61,44,77,58,7,87,64,90,50,59,65,107,12,10,112,1,104,124,84,27,129,103,33,25,6,85,89,22,21,92,75,62,109,17,60,116,38,0,79,127,126,46,66,36,108,123,68,114,20,71,91,30,119,98,37,16,117,82,113,120,32,5,2,45,3,49,63,128,35,67,34,80,42,97,99,73,48,52,105,94,55,4,28,125,26,41,70,111,106,9,78,83|_G11887033]
  015		 30672.3626839907		[116,30,52,109,112,63,108,60,120,49,40,117,101,59,27,111,44,69,96,3,119,66,41,43,21,113,23,88,103,104,61,17,122,72,74,80,48,36,33,125,70,20,100,51,56,55,79,0,76,37,92,32,102,35,71,90,8,73,81,98,18,86,53,42,25,123,77,94,105,95,22,46,39,50,54,64,26,78,58,2,38,127,84,29,19,14,93,47,11,75,1,16,12,129,24,85,6,62,106,115,10,68,128,7,31,83,110,97,126,34,107,45,87,114,15,65,89,82,124,13,121,4,118,67,99,5,91,57,28,9|_G11887033]
  016		 30705.9122853624		[116,30,52,109,112,63,108,60,87,114,15,65,89,82,124,13,121,4,118,67,99,5,91,57,28,113,23,88,103,104,61,77,94,105,95,22,46,39,50,54,64,26,78,58,2,38,127,84,29,16,12,32,102,35,71,90,8,73,81,98,18,86,14,42,25,123,19,53,93,47,11,75,1,17,122,72,74,80,48,36,33,125,70,20,100,51,56,55,79,0,76,37,92,129,24,85,126,7,31,83,110,68,128,62,106,115,10,97,6,34,107,119,66,41,43,21,9,59,27,111,44,69,96,3,45,117,49,40,120,101|_G11887033]
  017		 30717.9763701103		[61,55,86,101,116,27,13,9,21,121,1,65,77,57,5,19,54,49,87,128,62,93,70,81,11,100,122,52,124,111,108,123,68,118,6,25,63,91,109,82,95,22,46,79,0,76,78,34,33,117,4,38,114,20,40,84,89,17,73,51,80,105,90,113,58,2,59,30,36,44,60,126,85,97,53,56,98,71,104,31,112,37,48,106,14,16,125,120,119,66,41,43,15,10,127,75,96,64,102,32,92,129,24,88,83,23,18,94,99,103,115,8,110,28,3,35,47,67,69,39,50,45,72,74,26,42,107,12,7,29|_G11887033]
  018		 30735.7016542605		[116,109,36,69,125,121,20,48,68,56,55,79,0,76,45,92,129,24,85,6,16,8,73,81,98,18,47,63,108,9,120,49,40,117,75,59,27,13,33,4,87,114,15,65,89,82,124,111,10,60,103,118,67,86,11,91,57,1,17,51,64,26,78,58,2,38,127,84,29,7,12,32,80,115,28,97,30,99,94,72,95,77,21,113,23,88,106,44,61,22,34,107,5,101,46,54,105,74,100,102,39,50,52,93,83,14,42,25,123,19,112,110,122,128,31,96,35,62,53,126,37,3,119,66,41,71,90,43,104,70|_G11887033]
  019		 30745.7800327229		[116,109,36,69,125,121,20,48,68,56,55,79,0,76,45,92,129,24,85,6,16,8,73,81,98,18,47,63,108,9,120,49,40,117,75,17,51,64,26,78,58,2,38,127,84,29,7,12,32,80,35,118,67,86,11,91,57,21,113,23,88,106,44,61,22,34,107,5,101,1,59,27,13,33,4,87,114,15,65,89,82,124,111,10,60,103,62,53,30,99,94,72,95,77,46,54,105,74,100,43,39,50,52,93,83,14,42,25,123,19,112,110,122,128,31,96,115,28,97,126,37,3,119,66,41,71,90,102,104,70|_G11887033]
  020		 30753.7654821041		[116,30,36,33,125,70,20,100,51,56,55,92,129,24,85,6,7,31,83,110,68,128,62,106,86,10,97,126,94,105,95,22,46,39,50,54,64,26,107,45,87,114,15,65,89,82,124,32,102,35,71,90,8,73,81,98,18,115,14,42,25,123,19,53,93,99,5,75,1,17,122,72,74,80,48,52,109,112,63,108,60,120,49,40,117,118,67,47,11,91,3,28,76,37,69,96,57,119,66,41,43,21,113,23,88,103,104,61,77,34,78,58,2,38,127,84,29,16,12,13,121,4,101,59,27,111,44,79,0,9|_G11887033]
  021		 30760.4716537484		[122,31,54,57,98,91,16,65,58,77,13,43,121,115,78,111,118,18,88,102,126,19,32,107,7,12,95,20,5,90,9,117,73,27,61,79,127,129,42,45,93,82,104,75,62,108,123,68,85,25,6,114,89,22,109,112,1,67,124,84,2,33,3,49,63,128,35,56,110,72,74,8,52,119,39,14,26,106,70,99,46,66,36,50,101,125,44,103,40,15,29,97,53,23,11,86,34,48,47,83,81,51,76,17,60,116,38,0,24,55,28,94,10,113,120,92,64,37,30,96,69,4,21,41,87,59,105,71,100,80|_G11887033]
  022		 30764.0546849333		[122,31,54,57,98,91,11,65,58,77,13,43,121,16,46,66,36,50,101,125,44,103,40,15,29,47,96,69,4,55,28,94,30,83,81,51,76,17,60,116,38,0,24,21,41,99,123,68,85,25,6,114,89,22,109,112,1,67,124,84,2,45,3,49,63,128,35,56,110,100,37,10,97,87,39,14,26,106,70,115,78,111,118,18,88,102,126,19,32,107,7,12,95,20,5,90,9,117,73,27,61,79,127,129,42,33,93,82,104,75,62,108,59,105,71,64,34,48,23,53,113,120,92,72,74,8,52,119,80,86|_G11887033]
  023		 30770.3143981499		[94,30,33,96,118,67,63,106,23,79,64,72,74,100,122,52,124,77,57,105,19,54,71,90,31,18,41,13,9,21,121,1,104,82,101,75,29,65,22,0,40,38,127,7,15,43,46,6,25,8,11,73,81,98,113,59,53,17,70,84,20,36,66,60,87,123,68,85,69,78,76,5,95,12,61,44,107,112,110,51,80,10,128,62,83,24,93,102,35,39,45,109,103,111,32,92,129,115,117,4,126,114,89,116,27,47,88,34,2,48,55,86,14,16,125,120,49,37,50,108,97,26,119,42,28,56,91,58,99,3|_G11887033]
  024		 30775.0633269636		[94,30,33,96,19,37,71,90,31,112,110,78,80,10,65,124,77,57,91,48,7,12,46,79,43,101,58,2,13,9,21,121,75,20,36,5,118,67,63,106,15,99,76,23,45,109,103,111,32,92,129,85,102,35,39,54,115,117,3,100,122,73,28,1,44,61,104,16,125,120,49,89,95,22,34,53,17,70,107,113,84,29,55,38,127,14,105,41,86,119,66,40,0,116,50,60,114,82,128,62,83,64,72,74,56,51,69,52,42,108,123,68,27,6,25,8,11,93,24,81,98,18,59,47,97,26,4,126,87,88|_G11887033]
  025		 30777.6261988423		[116,109,36,70,125,121,20,2,38,44,84,29,7,12,32,102,35,71,90,31,112,110,122,128,62,103,115,28,97,126,37,3,119,88,72,74,100,80,52,107,94,105,95,77,46,39,50,54,104,60,96,118,67,86,11,91,57,21,113,23,93,83,14,42,25,123,6,53,30,99,5,75,1,17,51,64,26,78,58,48,68,56,55,47,0,76,45,92,129,24,85,27,16,8,73,81,98,18,79,63,108,33,120,49,40,117,101,59,41,13,9,4,87,106,15,65,89,82,124,111,114,69,61,22,34,66,19,43,10,127|_G11887033]
  026		 30787.7576036305		[116,109,36,70,125,121,20,2,38,44,84,29,7,12,32,102,68,71,90,31,112,110,122,128,62,103,115,28,97,126,37,3,119,88,72,74,100,80,52,107,94,105,95,77,46,39,50,54,104,60,96,118,67,86,11,91,57,21,113,23,93,83,14,42,25,123,6,53,30,99,5,75,1,17,51,64,26,78,58,48,35,56,55,47,0,76,45,92,129,24,85,27,16,8,73,81,98,18,79,63,108,33,120,49,40,117,101,59,41,13,9,4,87,106,15,65,89,82,124,111,114,69,61,22,34,66,19,43,10,127|_G11887033]
  027		 30791.4198534232		[64,31,54,57,98,91,16,65,58,77,13,43,121,115,30,83,81,51,88,102,126,19,32,107,7,12,95,20,5,90,9,117,73,27,61,79,127,129,42,33,93,82,104,75,62,108,123,68,85,25,6,114,89,22,109,112,1,67,124,84,2,45,23,60,116,38,0,24,110,72,74,8,52,119,39,14,26,106,70,99,46,66,36,50,101,125,44,103,40,15,29,17,53,113,120,92,122,37,78,111,118,18,76,3,49,63,128,35,56,21,41,34,48,47,96,69,4,55,28,94,10,97,11,87,59,105,71,100,80,86|_G11887033]
  028		 30799.9875656940		[94,30,33,96,19,37,71,90,31,112,110,78,80,10,65,124,77,57,91,48,113,12,46,79,43,101,58,2,13,9,21,121,107,7,84,29,55,38,127,14,105,41,86,119,66,40,0,116,50,60,114,82,128,62,83,64,72,74,56,51,69,73,28,1,44,61,104,16,125,120,49,89,95,22,34,53,17,70,75,20,36,5,118,67,63,106,4,126,87,88,45,109,103,111,32,92,129,24,85,102,35,39,54,115,117,3,100,122,52,42,108,123,68,27,6,25,8,11,93,81,98,18,59,47,97,26,15,99,76,23|_G11887033]
  029		 30802.4660351029		[122,31,54,57,81,51,76,112,1,67,6,64,33,53,60,116,73,128,35,56,119,72,74,8,100,34,47,96,69,4,24,55,28,94,10,107,99,11,46,66,36,50,101,125,21,41,39,14,26,106,70,109,17,82,104,75,62,108,123,68,85,25,129,114,89,22,80,86,97,105,30,83,98,91,16,65,58,77,7,43,121,115,78,37,118,18,88,102,126,19,32,59,13,12,95,48,87,20,5,90,9,44,103,40,15,71,23,93,113,120,92,42,111,127,61,117,38,27,124,84,2,45,3,49,63,0,79,29,52,110|_G11887033]
  030		 30820.9453624761		[122,31,54,57,98,91,16,65,58,77,13,43,121,115,78,111,118,18,88,102,126,19,32,107,7,12,95,20,5,90,9,117,73,27,61,79,127,129,42,45,93,82,104,75,62,108,123,68,85,25,6,114,89,22,109,112,1,67,124,84,2,33,3,49,63,128,35,56,110,72,74,8,86,119,39,14,26,106,70,99,46,66,36,50,101,125,44,103,40,15,29,23,53,113,120,92,64,37,30,83,81,51,76,17,60,116,38,0,87,59,105,71,100,80,11,52,34,48,47,96,69,4,21,41,24,55,28,94,10,97|_G11887033]
  031		 30837.9771844592		[116,109,36,70,78,121,20,2,38,44,84,29,7,12,32,102,35,71,90,31,112,110,122,128,62,103,115,28,97,126,37,3,98,18,79,63,108,33,120,49,40,117,101,59,41,13,9,4,87,60,96,118,67,86,11,91,57,21,113,23,93,83,14,42,25,123,6,53,30,99,5,75,1,17,51,64,26,125,58,48,68,56,55,47,0,76,45,92,129,24,85,27,16,8,73,81,119,88,72,74,100,80,52,107,94,105,95,77,46,39,50,54,104,114,15,65,89,82,124,111,106,69,61,22,34,66,19,43,10,127|_G11887033]
  032		 30847.8330626330		[122,31,54,57,98,91,16,65,58,77,13,43,121,115,78,111,118,18,88,67,126,19,32,107,7,12,95,20,5,90,9,117,73,27,61,44,103,40,92,64,37,30,83,81,51,76,17,60,116,38,0,79,127,129,42,33,93,15,29,23,53,113,120,82,104,75,62,108,123,68,85,25,6,114,89,22,34,48,47,102,124,84,2,97,3,49,63,128,35,56,110,72,24,8,52,119,39,14,26,106,70,11,74,66,36,50,101,125,46,21,41,87,59,105,71,100,109,112,1,96,69,4,99,28,94,10,45,55,80,86|_G11887033]
  033		 30857.0934082540		[94,30,33,96,118,67,63,106,23,45,109,103,111,32,92,129,115,117,4,126,114,89,116,27,47,88,34,13,9,21,121,1,104,82,101,75,29,65,22,0,40,38,127,7,15,43,46,6,25,8,11,73,81,98,113,59,53,17,70,84,20,36,66,60,87,123,68,85,69,78,76,5,95,12,10,128,97,26,24,93,102,35,39,79,64,72,74,100,122,52,124,77,57,105,19,61,44,107,112,110,51,80,54,71,90,31,18,58,2,48,55,86,14,16,125,120,49,37,50,108,62,83,119,42,28,56,91,41,99,3|_G11887033]
  034		 30869.7722046980		[61,55,86,95,22,46,79,0,38,20,17,73,48,106,14,16,125,120,49,10,128,62,88,26,52,76,78,34,115,129,108,123,68,4,87,114,89,15,84,117,110,6,25,63,44,109,82,101,116,27,13,9,21,121,37,80,51,105,104,113,58,2,29,7,12,32,92,70,1,65,77,45,3,119,81,71,90,31,112,35,18,98,94,53,69,33,96,118,8,47,67,103,60,111,93,97,5,19,54,39,50,91,83,126,24,59,64,72,85,30,36,99,66,41,43,107,124,127,75,102,56,23,42,11,74,28,57,100,122,40|_G11887033]
  035		 30884.9816877312		[122,31,54,57,98,91,16,65,58,77,13,43,121,115,78,111,118,18,88,102,126,19,32,107,7,12,95,20,5,90,9,117,73,27,61,79,127,129,42,33,93,82,104,75,62,108,123,68,85,25,6,114,89,22,109,112,1,46,66,36,50,101,125,44,103,49,63,128,35,56,21,41,87,59,105,71,100,34,48,47,96,69,4,55,28,67,124,84,2,45,23,60,116,38,0,24,110,72,74,8,52,119,39,14,26,106,70,99,94,30,83,81,51,76,40,15,29,17,53,113,120,92,64,37,10,97,11,80,86,3|_G11887033]
  036		 30885.0576629643		[61,55,86,95,22,46,124,111,108,123,68,85,6,25,63,44,109,82,101,116,27,13,2,29,121,1,65,77,58,5,19,32,71,91,81,98,18,14,16,125,120,49,10,128,88,97,28,53,69,33,96,118,102,35,39,50,9,21,7,12,34,4,87,114,89,15,84,20,17,64,72,51,78,105,115,113,66,94,59,30,36,23,48,110,57,99,83,54,107,41,43,40,38,80,70,104,117,92,129,62,93,26,42,11,100,122,37,67,8,56,73,45,3,79,0,76,127,75,60,47,24,52,119,90,31,112,106,103,126,74|_G11887033]
  037		 30887.0275679296		[97,55,86,50,64,72,119,35,31,112,37,51,102,105,104,113,58,2,29,9,12,32,79,129,34,59,99,56,23,45,3,28,66,41,121,40,38,127,15,84,20,36,91,33,126,8,85,80,19,107,70,81,98,18,94,53,4,87,96,118,24,11,100,122,52,74,95,22,39,92,0,76,78,88,115,14,69,60,1,65,77,57,5,46,16,125,120,49,10,128,62,93,26,42,47,67,103,83,124,111,108,123,68,110,6,25,63,44,109,54,101,116,27,13,7,21,43,114,89,75,61,30,17,73,48,106,117,82,71,90|_G11887033]
  038		 30890.6729704477		[116,30,52,109,112,63,108,60,87,114,15,65,89,82,124,13,121,4,118,83,110,68,128,62,106,115,10,97,126,34,107,45,120,49,32,117,101,59,27,111,44,69,96,58,2,38,127,84,29,16,12,40,102,35,71,90,8,73,81,98,18,86,14,42,25,123,19,53,93,47,11,75,1,17,122,72,74,80,48,36,33,125,70,20,100,51,56,55,79,0,76,37,92,129,24,85,6,7,31,67,99,5,91,57,28,119,66,41,43,104,61,77,94,105,95,22,46,39,50,54,64,26,78,3,113,23,88,103,21,9|_G11887033]
  039		 30898.1952083536		[116,109,36,69,125,121,20,48,68,56,55,79,0,76,45,92,129,24,85,6,16,8,73,81,98,18,47,63,108,9,120,49,40,117,75,59,27,13,33,4,87,114,15,65,89,82,124,111,10,60,103,118,67,86,11,91,57,21,113,23,88,106,44,61,22,34,107,5,101,1,126,51,64,26,78,58,2,38,127,84,29,7,12,32,80,115,28,97,30,99,94,72,95,77,46,54,105,74,100,102,39,50,52,93,83,14,42,25,123,19,112,110,122,128,31,96,35,62,53,17,37,3,119,66,41,71,90,43,104,70|_G11887033]
  040		 30903.6852240355		[94,30,33,14,118,67,63,106,23,45,109,103,111,32,92,129,31,113,58,2,48,55,86,65,15,43,59,53,17,62,83,115,117,4,126,114,89,116,27,24,3,52,35,39,79,64,72,74,100,122,102,124,77,57,105,19,54,71,112,47,88,34,13,9,21,121,1,104,82,70,84,20,36,66,60,87,123,68,85,69,78,76,5,95,12,61,44,107,90,110,51,80,10,128,0,75,29,7,22,101,40,38,127,96,97,26,119,42,99,56,91,37,6,16,125,120,49,46,50,108,25,8,11,73,81,98,18,41,93,28|_G11887033]
  041		 30903.9494693680		[94,30,33,96,19,37,71,90,31,112,110,78,80,10,65,124,77,57,91,48,7,12,46,79,43,101,58,2,13,9,21,121,107,113,84,29,55,38,127,14,105,41,86,119,66,40,0,116,50,60,114,82,128,62,83,64,72,74,56,51,69,73,28,1,44,61,104,16,125,120,49,89,95,22,18,53,17,70,75,20,36,5,118,67,63,106,15,99,76,23,45,109,103,111,32,92,129,85,102,35,39,54,115,117,3,100,122,52,42,108,123,68,27,6,25,8,11,93,24,81,98,34,59,47,97,26,4,126,87,88|_G11887033]
  042		 30923.0174491394		[122,31,54,57,98,91,11,65,58,77,13,43,121,115,78,111,118,18,88,102,126,19,23,53,7,12,95,20,5,90,9,117,73,27,61,79,127,129,42,33,93,82,104,75,22,108,123,68,85,25,6,114,89,62,109,112,1,67,124,84,2,45,3,49,63,128,35,56,110,72,74,8,52,119,39,14,26,106,70,16,46,66,36,50,101,125,44,103,40,15,29,47,96,69,4,55,28,94,30,83,81,51,76,17,60,116,38,0,24,21,41,99,59,105,71,64,34,48,32,107,113,120,92,100,37,10,97,87,80,86|_G11887033]
  043		 30923.0760437981		[122,31,54,57,98,91,16,65,58,77,13,43,121,115,78,111,118,18,88,102,126,19,32,107,7,12,95,20,5,90,9,117,73,27,61,79,127,129,42,33,93,82,104,75,62,108,123,68,85,25,6,114,89,22,109,112,1,46,66,36,50,101,125,44,103,49,63,128,35,56,21,41,87,59,105,71,100,34,48,47,96,69,4,55,28,67,124,84,2,45,23,60,116,38,0,24,110,72,74,8,52,119,39,14,26,106,70,99,94,10,97,11,80,86,40,15,29,17,53,113,120,92,64,37,30,83,76,51,81,3|_G11887033]
  044		 30924.5249156240		[59,7,82,16,53,29,121,1,104,113,58,110,51,80,105,95,22,12,65,77,32,46,21,50,64,72,122,35,71,90,40,38,6,60,126,75,61,88,56,8,45,3,119,37,41,19,89,23,34,107,85,52,92,129,127,30,36,91,70,120,99,48,57,5,43,54,79,2,97,96,84,20,17,125,15,4,87,63,112,24,25,68,114,66,101,9,39,27,116,69,106,44,98,18,109,33,47,118,81,0,49,10,128,62,83,115,117,76,94,26,42,11,73,67,55,28,74,100,102,93,124,111,108,123,103,14,13,86,31,78|_G11887033]
  045		 30933.1902172175		[116,30,36,69,125,37,92,129,24,85,6,16,8,73,81,98,18,5,75,1,17,51,64,26,56,55,102,35,71,90,31,112,110,122,105,34,113,43,84,77,61,65,27,7,10,121,101,59,23,42,25,123,19,53,93,99,47,63,58,2,38,127,12,32,11,91,57,21,117,13,9,86,128,62,103,115,78,97,126,45,3,119,66,41,20,48,68,67,4,79,0,76,70,87,114,15,29,89,82,124,111,104,60,96,118,28,108,33,120,49,95,22,46,39,50,54,72,74,100,80,52,109,83,14,88,106,44,40,107,94|_G11887033]
  046		 30951.1684245049		[94,30,33,96,118,67,63,106,23,45,109,103,111,32,92,129,115,117,4,126,114,89,116,27,47,88,16,7,22,0,40,38,127,65,15,113,59,53,17,70,84,20,36,76,60,87,123,68,85,69,78,66,5,95,12,61,44,107,112,110,51,80,10,128,62,83,24,93,102,35,1,104,82,101,75,29,125,120,49,37,50,108,97,26,119,42,3,25,8,39,79,64,72,74,100,122,52,124,77,57,105,19,54,71,90,31,18,58,2,48,55,86,14,34,13,9,21,121,11,73,81,98,43,46,6,56,91,41,99,28|_G11887033]
  047		 30951.2146788076		[116,30,75,69,125,37,92,129,32,102,35,71,90,73,81,98,18,5,22,46,48,68,87,114,15,29,89,97,112,110,122,128,62,103,115,10,111,104,60,96,118,56,55,11,91,21,57,117,13,9,4,43,19,53,93,99,47,63,108,33,120,49,40,113,23,88,106,44,61,65,7,12,24,85,6,16,8,31,126,45,3,119,66,41,20,105,0,76,70,67,39,50,54,72,74,100,80,52,109,83,14,58,2,38,127,84,77,95,36,1,17,51,64,26,28,42,25,123,78,86,79,34,107,94,82,124,121,101,59,27|_G11887033]
  048		 30957.3841993199		[94,30,33,96,118,67,63,106,15,99,56,80,45,109,34,53,17,70,75,117,36,5,19,50,71,90,31,112,110,51,52,124,77,57,91,48,7,12,46,79,43,59,58,2,13,9,21,121,107,105,119,66,40,0,116,27,84,29,55,61,44,1,104,113,60,87,88,86,65,42,108,123,68,37,6,25,8,11,93,81,98,18,101,47,97,26,4,126,114,89,82,38,127,76,10,125,120,20,41,16,128,62,83,115,49,129,24,85,102,35,39,54,64,72,74,100,122,23,95,22,111,32,92,3,69,14,103,78,73,28|_G11887033]
  049		 30959.3977016377		[61,55,86,95,22,65,120,77,57,5,19,54,71,90,98,112,37,73,80,105,1,124,111,108,123,68,110,6,25,63,44,109,33,96,118,69,47,67,35,87,114,84,15,89,10,127,75,29,7,12,32,92,129,24,85,83,31,18,94,99,103,78,119,115,117,4,39,50,64,72,74,70,81,8,48,49,14,16,104,113,58,2,59,30,36,91,60,126,88,101,116,27,13,9,21,121,46,79,0,76,38,128,62,23,26,42,11,100,122,106,51,34,17,97,53,56,93,102,28,107,40,20,66,52,125,82,3,41,43,45|_G11887033]
  050		 30968.6000758865		[94,30,33,96,118,67,63,106,23,45,109,103,111,32,92,129,115,117,4,126,114,89,116,27,47,88,34,13,9,21,121,1,104,82,101,75,29,65,22,0,40,38,127,7,15,43,46,6,25,8,11,73,81,98,113,59,53,17,70,84,20,36,66,60,87,123,68,85,69,78,76,5,95,12,61,44,107,112,110,51,80,10,128,62,83,24,93,102,35,39,79,64,72,74,100,122,52,124,77,57,105,19,54,71,90,31,18,41,2,48,55,86,14,16,125,120,49,37,50,108,97,26,119,42,28,56,91,58,99,3|_G11887033]
  051		 30972.7528377057		[94,30,33,96,19,37,71,90,31,112,110,78,80,10,65,124,77,57,91,48,113,12,46,79,43,101,58,2,13,9,21,121,107,7,84,29,55,38,127,14,105,41,86,119,66,40,0,116,50,60,114,82,128,62,83,64,72,74,56,51,69,73,28,1,44,61,104,16,125,120,49,89,95,22,34,53,17,70,75,20,36,5,118,67,63,106,15,99,76,42,45,109,103,111,32,92,129,24,85,102,35,39,54,115,117,3,100,122,52,23,108,123,68,27,6,25,8,11,93,81,98,18,59,47,97,26,4,126,87,88|_G11887033]
  052		 30974.1228488703		[116,30,36,33,125,70,20,100,51,56,55,92,129,24,85,6,7,31,83,110,68,128,62,106,86,10,97,40,94,105,95,22,46,39,50,54,80,26,78,58,2,38,127,84,29,16,12,32,102,35,71,90,8,73,81,98,18,115,14,42,25,123,19,53,93,99,5,75,1,17,122,72,74,64,48,52,109,112,63,108,60,120,49,126,117,101,59,27,111,44,79,0,76,37,69,96,3,28,66,41,43,21,113,23,88,103,104,61,77,34,107,45,87,114,15,65,89,82,124,13,121,4,118,67,47,11,91,57,119,9|_G11887033]
  053		 30989.9330706510		[122,31,54,57,98,91,16,65,58,77,13,43,121,115,78,111,118,18,88,102,126,19,32,107,7,12,95,20,5,90,9,117,73,27,61,44,103,40,92,64,37,30,83,81,51,76,17,60,116,38,0,79,127,129,42,33,93,15,29,23,53,113,120,82,104,75,62,108,123,68,85,25,6,114,89,22,34,109,47,67,124,84,2,45,3,49,63,128,35,56,110,72,74,8,52,119,39,14,69,4,99,28,94,10,97,55,80,125,46,21,41,87,1,105,71,100,48,112,59,96,26,106,70,11,24,66,36,50,101,86|_G11887033]
  054		 30997.7250596035		[61,55,31,112,37,51,80,105,104,98,72,74,56,23,45,3,79,0,76,78,34,125,117,4,87,10,15,84,82,17,33,96,8,102,35,39,92,121,69,47,83,30,36,91,53,116,27,13,2,29,129,88,97,67,118,114,89,128,62,93,26,42,11,100,122,52,119,54,94,59,115,120,49,107,70,81,64,90,95,22,46,124,111,108,123,68,110,6,25,63,44,109,20,101,1,65,77,58,73,19,32,71,86,18,14,16,24,85,103,5,48,106,41,43,40,38,127,75,60,126,28,113,50,9,21,7,12,66,57,99|_G11887033]
  055		 30999.9937155518		[94,30,33,14,118,67,63,106,23,45,109,103,111,32,92,129,126,114,89,116,27,55,86,65,15,43,59,53,17,70,84,20,36,66,60,87,123,68,85,69,78,76,5,95,12,61,44,107,90,110,51,80,10,128,62,83,115,117,4,31,113,58,2,48,24,3,52,35,39,79,64,72,74,100,122,102,124,77,57,105,71,54,19,112,47,88,34,13,9,21,121,1,104,82,0,75,29,7,22,101,40,38,127,96,97,26,119,42,99,56,91,37,6,16,125,120,49,46,50,108,25,8,11,73,81,98,18,41,93,28|_G11887033]
  056		 31012.0554990046		[94,30,33,96,118,67,63,106,23,45,109,103,111,32,92,79,108,97,26,119,84,20,124,114,89,65,27,13,9,21,7,19,104,49,36,91,60,87,123,68,37,6,25,8,11,73,81,98,18,59,47,88,61,44,107,113,58,2,129,24,3,102,35,39,50,64,72,100,74,122,52,105,95,12,121,22,46,48,55,86,116,10,43,5,1,54,71,90,31,78,110,51,80,42,128,62,83,115,117,4,126,82,101,75,29,34,53,57,70,38,0,56,66,120,77,17,85,69,15,127,125,41,99,40,112,76,93,16,14,28|_G11887033]
  057		 31022.1016611249		[122,31,54,57,81,51,11,34,1,67,124,84,2,45,3,49,63,128,35,56,110,72,74,8,100,112,47,76,104,94,62,108,123,68,26,106,70,82,46,66,36,50,101,125,22,55,39,75,10,87,97,105,71,52,119,98,91,21,65,58,77,13,43,121,115,78,111,92,18,88,102,126,19,32,59,7,12,95,20,5,90,9,107,14,29,23,53,113,120,118,64,37,30,25,129,114,89,24,80,86,48,117,73,27,6,42,99,109,17,60,116,38,0,79,127,61,44,103,40,33,93,96,69,4,16,41,28,15,85,83|_G11887033]
  058		 31032.9007073781		[116,30,36,2,125,37,92,129,24,85,6,16,8,73,81,98,18,5,75,1,17,51,64,26,56,55,102,35,71,90,31,112,110,122,105,95,22,46,39,50,54,72,74,100,80,52,109,83,14,42,25,123,19,53,93,99,47,63,108,33,120,49,40,113,43,91,57,103,115,78,97,126,45,3,119,66,41,20,48,68,67,4,79,69,76,70,87,114,15,29,89,82,124,111,104,60,96,118,28,21,117,13,9,86,128,62,58,0,38,127,12,32,11,84,77,34,107,94,7,10,121,101,59,23,88,106,65,27,44,61|_G11887033]
  059		 31032.9532721322		[94,30,33,96,118,67,63,106,15,99,56,23,45,109,103,111,32,92,129,24,85,102,35,39,54,115,117,28,123,68,50,6,25,8,11,93,81,98,18,59,47,97,26,4,126,114,82,128,62,83,64,72,74,76,51,69,73,108,1,44,61,104,16,125,120,49,105,95,22,101,58,66,13,9,21,121,107,113,84,29,55,38,127,3,78,80,10,65,124,77,57,91,48,12,7,46,79,43,34,53,17,70,75,20,36,5,19,37,71,90,112,31,110,100,122,52,42,14,89,41,86,119,2,40,0,116,27,60,87,88|_G11887033]
  060		 31035.6948988449		[38,22,80,86,48,127,61,44,18,88,102,126,19,32,59,7,12,95,20,5,90,9,117,73,27,75,97,33,93,82,104,6,122,31,54,57,81,51,76,34,1,67,124,84,2,45,108,123,68,85,25,87,42,105,71,52,119,30,83,98,91,16,65,58,77,13,36,50,101,125,24,55,28,94,10,107,99,43,121,115,78,111,118,79,3,49,63,128,35,72,74,8,56,110,100,112,47,96,69,4,21,41,39,14,26,106,70,11,46,66,109,62,129,114,17,60,116,89,0,103,40,15,29,23,53,113,120,92,64,37|_G11887033]
  061		 31060.9247998381		[122,31,54,57,81,51,76,11,118,18,88,102,14,71,101,93,67,24,80,42,97,99,73,48,52,105,94,55,26,106,70,78,113,19,17,60,116,38,0,79,127,126,46,66,36,108,123,68,114,20,64,91,30,119,98,37,16,62,109,47,83,110,86,90,50,28,9,95,39,13,43,121,32,59,65,107,12,10,25,6,85,89,22,5,63,129,103,33,112,1,104,124,84,34,115,3,49,27,128,35,56,100,2,45,120,61,44,82,40,15,29,23,53,111,41,92,4,21,125,75,117,77,58,7,87,72,74,8,96,69|_G11887033]
  062		 31062.6685532503		[94,30,33,96,118,67,63,106,23,45,109,103,111,32,92,129,115,117,4,126,114,89,116,27,47,88,34,13,9,21,121,1,104,82,101,75,29,65,22,0,40,38,127,7,15,43,46,6,25,8,11,73,81,98,113,59,53,17,70,84,20,36,66,60,87,123,68,85,69,78,76,5,95,12,10,128,62,83,24,93,102,35,39,79,64,72,74,100,122,52,124,77,57,105,19,61,44,107,112,110,51,80,54,31,90,71,18,58,2,48,55,86,14,16,125,120,49,37,50,108,97,26,119,42,28,56,91,41,99,3|_G11887033]
  063		 31075.2048823682		[116,109,36,70,125,121,20,2,38,44,84,29,7,12,32,102,35,71,90,31,112,110,122,128,62,103,115,28,97,126,37,3,98,18,79,76,45,92,129,24,85,27,16,8,73,81,119,88,72,74,100,80,52,107,94,105,95,77,46,39,50,54,104,114,15,65,89,82,124,99,5,75,1,17,51,64,26,78,58,48,68,56,55,47,0,63,108,33,120,49,40,117,101,59,41,13,9,4,87,60,96,118,67,86,11,91,57,21,113,23,93,83,14,42,25,123,6,53,30,111,106,69,61,22,34,66,19,43,10,127|_G11887033]
  064		 31084.3747249411		[122,100,54,57,81,51,76,11,118,18,88,102,14,86,101,93,67,34,56,42,97,99,73,48,52,10,112,1,104,124,84,27,129,103,33,25,6,85,89,22,21,92,75,62,109,17,60,116,38,0,79,127,126,46,66,36,105,94,55,4,28,9,19,39,13,43,121,115,95,61,44,77,58,7,87,64,90,50,59,65,107,12,117,123,68,114,20,71,91,30,119,98,37,16,108,82,40,15,29,23,53,111,41,125,26,106,70,78,113,120,32,5,2,45,3,49,63,128,35,80,110,72,74,8,31,24,47,96,69,83|_G11887033]
  065		 31087.8094122363		[64,31,54,57,98,91,16,65,58,77,13,43,121,115,30,83,81,51,88,102,126,19,32,107,7,12,95,20,5,90,9,117,73,27,61,79,127,129,42,33,93,82,104,75,62,108,123,68,85,25,6,114,89,22,109,112,49,67,124,84,2,45,23,60,116,38,0,24,110,72,74,8,52,119,39,14,26,106,70,99,46,66,36,50,101,125,44,103,40,15,29,17,53,113,120,92,122,37,78,111,118,18,76,3,1,63,128,35,56,21,41,87,59,105,71,100,34,48,47,96,69,4,55,28,94,10,97,11,80,86|_G11887033]
  066		 31118.9021556868		[116,30,36,69,125,37,92,129,24,85,6,16,8,73,81,98,18,5,75,1,17,51,64,26,56,55,102,112,71,90,31,35,110,122,105,95,22,46,39,50,54,72,74,100,80,52,109,83,14,42,25,123,19,53,93,99,78,63,108,33,120,49,40,113,43,91,57,21,117,13,9,86,128,62,103,115,47,97,126,45,3,119,66,41,20,48,68,67,4,79,2,76,65,27,44,15,29,89,82,124,111,104,60,96,118,28,58,0,38,127,12,32,11,84,77,34,107,94,7,10,121,101,59,23,88,106,70,87,114,61|_G11887033]
  067		 31120.6882884763		[116,30,52,109,112,63,108,60,87,114,15,65,89,82,124,13,121,4,118,83,110,68,128,62,106,115,10,26,126,34,107,45,120,49,40,117,101,59,27,111,44,69,96,58,2,38,127,84,29,16,12,32,102,35,71,90,8,73,81,98,18,86,14,42,25,123,19,53,93,47,11,75,1,17,122,72,74,80,48,36,33,125,70,20,100,51,56,55,79,0,76,37,92,129,24,85,6,7,31,67,99,5,91,57,28,113,23,88,119,104,61,77,94,105,95,22,46,39,50,54,64,97,78,3,103,66,41,43,21,9|_G11887033]
  068		 31122.7793150140		[116,30,36,69,125,37,92,129,24,85,6,16,8,73,81,98,18,5,75,1,17,51,64,26,28,58,2,38,127,84,77,34,76,94,105,95,22,46,39,50,54,72,74,100,80,52,109,83,115,42,35,41,20,53,93,99,47,63,108,33,120,49,40,113,23,88,106,44,61,65,7,12,32,102,25,123,19,48,68,67,4,79,0,107,70,87,97,126,45,3,119,66,27,90,31,112,110,122,128,62,103,14,78,114,15,29,89,82,124,111,104,60,96,118,86,13,21,117,43,10,121,101,59,71,56,55,11,91,57,9|_G11887033]
  069		 31125.6580578782		[97,55,86,50,64,72,74,70,124,111,108,123,68,87,114,89,75,61,120,49,73,116,27,13,7,21,95,26,118,24,11,100,122,52,119,35,31,112,37,51,102,105,104,113,58,43,40,38,127,15,84,20,36,91,33,126,8,85,80,107,39,121,22,46,92,0,10,128,62,93,96,42,47,67,103,83,59,99,56,23,45,3,28,88,2,29,9,12,32,79,129,66,41,81,98,18,106,14,16,125,54,71,90,78,34,115,117,69,60,1,65,77,57,5,94,53,4,110,6,25,63,44,109,82,101,48,19,30,17,76|_G11887033]
  070		 31130.2568193031		[116,30,36,69,125,37,92,129,24,85,6,16,8,73,81,98,18,5,75,1,17,51,64,26,56,55,102,35,71,90,31,112,110,122,105,95,22,46,39,50,54,72,74,100,80,52,109,83,14,42,25,123,19,53,93,99,47,63,58,2,38,127,12,32,11,91,57,21,117,13,9,86,128,62,103,115,78,97,126,45,23,119,66,41,20,48,68,67,4,79,0,76,70,87,114,15,29,89,82,124,111,104,60,96,118,28,44,33,120,49,40,113,43,84,77,34,107,94,7,10,121,101,59,3,88,106,108,61,65,27|_G11887033]
  071		 31140.9144568867		[122,31,54,57,81,51,76,11,118,18,88,102,14,64,101,93,69,24,80,42,97,99,73,48,52,105,94,55,26,106,70,78,113,107,12,10,25,6,85,89,22,5,27,129,103,33,112,1,104,124,84,34,115,3,49,63,128,35,56,100,2,45,95,61,44,82,40,15,29,23,53,111,41,92,4,21,125,19,77,108,116,38,0,79,127,126,46,66,36,60,123,68,114,20,71,91,30,119,98,37,16,117,17,58,7,87,86,90,50,28,9,120,39,13,43,121,32,59,65,75,62,47,109,96,110,72,74,8,67,83|_G11887033]
  072		 31146.7974099151		[122,31,54,57,73,51,76,112,114,104,124,84,2,46,127,49,10,128,67,12,120,21,125,58,107,61,7,77,79,117,15,44,1,40,83,62,108,118,81,110,60,25,6,16,24,59,52,19,82,126,96,69,8,100,34,20,27,0,4,89,22,119,33,129,38,3,90,115,105,95,65,72,74,14,101,66,45,111,42,106,70,78,53,92,64,116,30,71,123,68,85,35,55,80,28,99,87,47,26,48,23,93,109,88,75,97,103,94,32,113,39,86,18,37,50,13,41,121,5,11,63,43,36,29,17,9,98,56,91,102|_G11887033]
  073		 31163.9771174847		[94,30,33,96,118,67,63,106,15,99,56,23,45,109,103,111,32,92,129,24,85,102,35,39,54,115,117,108,123,68,50,6,25,8,11,93,81,98,18,59,47,97,26,4,126,114,82,128,62,83,64,72,74,76,51,69,73,28,1,44,61,104,16,125,120,49,105,95,22,101,58,66,13,9,21,121,107,113,84,29,55,38,127,3,78,80,10,65,124,77,57,91,48,12,7,46,79,43,34,53,17,70,75,20,36,5,19,37,71,90,112,31,110,100,122,52,42,14,89,41,86,119,2,40,88,116,27,60,87,0|_G11887033]
  074		 31169.3032960587		[61,55,86,101,116,27,13,9,21,121,1,65,77,57,5,19,54,49,87,128,62,93,70,81,11,100,122,52,124,111,108,123,68,118,6,25,63,91,109,82,95,22,46,79,0,76,78,34,33,117,4,38,114,20,40,84,89,17,23,51,80,105,90,113,58,2,59,30,36,44,60,126,88,97,53,56,98,71,104,31,112,37,48,106,14,16,125,120,12,66,41,43,15,10,127,75,96,64,102,32,92,129,24,85,83,73,18,94,99,103,115,8,110,28,3,35,47,67,69,39,50,45,72,74,26,42,107,29,7,119|_G11887033]
  075		 31170.9719180400		[97,55,86,50,64,72,74,70,124,111,108,123,68,110,6,25,63,44,109,82,101,116,27,13,7,21,95,26,118,24,11,100,122,52,119,35,31,112,37,51,102,105,104,113,58,43,40,38,127,15,84,20,36,91,33,126,8,85,80,107,39,121,22,46,92,0,10,128,62,93,96,42,47,67,103,83,59,99,56,23,45,3,28,88,2,29,9,12,32,79,129,66,41,81,98,18,106,14,16,53,54,71,90,78,34,115,117,69,60,1,65,77,57,5,94,125,4,87,114,89,75,61,120,49,73,48,19,30,17,76|_G11887033]
  076		 31172.6201007903		[61,55,86,95,22,46,124,111,108,123,68,85,6,25,63,44,109,82,101,116,27,13,2,29,121,1,65,77,58,5,19,32,71,91,81,98,18,14,16,125,120,49,10,128,88,97,28,53,69,33,96,118,102,35,39,50,9,21,7,12,34,4,87,114,89,15,84,20,17,64,72,51,80,105,115,113,66,94,59,30,36,23,48,110,57,99,83,54,107,76,127,75,38,78,70,104,117,92,47,24,106,103,126,74,100,122,52,119,90,31,112,37,67,8,56,73,45,3,79,0,41,43,40,60,129,62,93,26,42,11|_G11887033]
  077		 31180.0442832885		[116,30,36,33,125,70,20,97,126,94,26,95,22,120,24,85,6,7,31,83,110,68,128,62,106,29,16,12,32,102,35,80,48,52,109,112,61,108,60,129,49,40,117,101,59,27,34,121,4,87,114,15,65,89,82,124,111,104,69,96,118,100,51,56,55,79,0,76,37,92,46,39,50,13,107,45,3,119,66,38,127,84,75,1,17,122,72,74,71,90,8,73,81,98,18,86,14,42,25,123,19,53,93,99,5,115,10,67,47,11,91,57,21,113,23,88,103,44,63,77,54,64,105,78,58,2,41,43,28,9|_G11887033]
  078		 31184.8937675221		[116,30,36,33,125,70,20,97,126,94,26,95,22,46,39,50,54,64,105,113,58,2,38,127,84,75,1,17,122,72,74,80,48,52,109,112,61,108,60,129,49,40,117,101,59,27,98,121,4,87,114,15,65,89,82,124,111,104,69,96,118,100,51,56,55,79,0,76,37,92,120,24,85,6,7,31,83,110,68,128,62,106,29,16,12,32,102,35,71,90,8,73,81,34,18,86,14,42,25,123,19,53,93,99,5,115,10,67,47,11,91,57,21,78,23,88,103,44,63,77,13,107,45,3,119,43,41,66,28,9|_G11887033]
  079		 31188.2300364274		[116,30,36,69,125,37,92,129,24,85,6,28,8,73,81,98,18,5,75,44,17,51,64,26,16,58,2,38,127,84,77,34,107,94,82,124,4,43,19,53,93,99,47,63,108,33,120,49,40,113,23,88,106,1,61,65,7,111,104,60,96,118,56,55,11,91,57,9,117,13,21,12,32,102,35,71,90,31,126,45,3,119,66,41,20,109,0,76,121,101,39,50,54,72,74,100,80,52,105,83,14,42,25,123,78,86,79,95,22,46,48,68,87,114,15,29,89,97,112,110,122,128,62,103,115,10,70,67,59,27|_G11887033]
  080		 31188.7657891608		[116,30,36,69,125,37,92,124,24,85,6,16,8,73,81,98,18,5,75,1,17,51,64,26,115,78,97,126,71,90,31,112,110,122,105,95,22,46,39,50,54,72,74,86,123,62,103,56,55,102,35,45,3,119,66,41,20,48,68,67,4,79,0,76,70,87,10,15,29,89,82,129,111,104,60,96,118,28,58,2,38,127,12,32,11,84,100,80,52,109,83,14,42,25,128,19,53,93,99,47,63,108,33,120,49,40,113,7,91,57,21,117,13,9,43,34,107,94,77,114,121,101,59,23,88,106,44,61,65,27|_G11887033]
  081		 31190.5792786701		[61,55,86,95,22,46,124,111,108,123,68,110,6,25,63,44,109,92,101,1,65,77,58,5,19,32,71,90,31,112,37,51,80,105,104,98,72,74,56,23,45,3,79,0,76,78,34,115,117,4,87,114,89,128,62,93,26,42,11,100,122,52,119,66,94,59,125,120,49,50,13,2,39,121,69,47,106,41,116,10,15,84,20,17,73,48,83,28,107,70,81,64,18,14,118,24,85,103,33,96,8,102,35,91,129,9,21,7,43,40,38,127,75,60,126,30,36,29,53,12,54,82,27,88,97,67,16,113,57,99|_G11887033]
  082		 31200.6499331507		[116,30,52,109,112,63,108,60,87,114,15,65,89,82,124,13,121,4,118,67,99,5,91,57,28,113,23,88,103,104,61,77,94,105,95,22,46,39,50,54,64,26,78,32,102,35,71,90,8,73,81,98,18,86,14,42,25,123,19,53,93,47,11,75,1,17,122,72,74,80,48,36,33,125,70,20,100,51,56,55,79,0,76,37,92,129,24,85,126,7,31,83,110,68,128,62,106,115,58,2,38,127,84,29,16,12,10,97,6,34,107,119,66,41,43,21,9,59,27,111,44,69,96,3,45,120,49,40,117,101|_G11887033]
  083		 31205.4019625361		[122,31,54,57,98,91,16,65,58,77,13,43,121,115,78,111,118,18,88,102,126,19,32,107,7,12,95,20,5,90,9,117,73,27,61,44,103,40,92,64,37,30,83,81,51,76,17,60,116,38,0,79,127,129,42,33,93,15,29,23,4,99,28,94,10,45,55,108,123,68,85,25,6,114,89,22,34,48,47,67,124,84,2,97,3,49,63,128,35,56,110,72,74,8,52,119,39,14,26,106,70,11,24,66,36,50,101,125,46,21,41,87,59,105,71,100,109,112,1,96,69,53,113,120,82,104,75,62,80,86|_G11887033]
  084		 31208.5235409032		[122,31,54,57,81,51,76,11,118,18,88,102,14,86,101,93,67,34,4,42,97,99,73,48,52,105,94,55,80,21,92,75,62,109,17,60,116,38,0,79,127,126,46,66,59,108,123,68,65,20,71,91,30,119,98,37,16,124,77,58,125,26,106,70,78,113,19,32,2,45,3,49,63,128,35,56,110,72,74,8,100,24,47,96,1,104,117,84,7,87,64,90,50,28,9,120,39,13,43,121,115,95,61,44,82,40,15,29,23,53,111,41,5,27,129,103,33,25,6,85,89,22,36,107,114,12,10,112,69,83|_G11887033]
  085		 31227.1432067967		[122,31,54,57,98,91,16,65,58,77,13,43,121,115,78,111,118,18,88,102,126,19,32,107,7,12,95,20,5,90,9,117,73,27,61,79,127,129,42,45,93,82,104,75,62,108,123,68,85,25,6,114,89,22,109,112,1,67,124,84,2,33,3,49,63,128,35,56,110,72,74,8,86,14,39,119,26,106,70,99,46,66,36,50,101,125,44,103,40,15,29,23,53,113,120,92,64,37,30,83,81,51,76,17,60,116,38,0,24,55,28,94,10,97,11,52,34,48,47,96,69,4,21,41,87,59,105,71,100,80|_G11887033]
  086		 31229.8596331433		[97,55,86,50,64,72,119,35,31,112,37,51,102,105,104,113,58,2,29,9,12,32,79,129,69,60,1,65,77,57,5,19,16,125,120,49,10,128,62,93,26,42,47,67,103,83,124,111,108,123,68,110,6,25,63,44,109,54,101,116,27,13,7,21,121,43,82,75,61,30,17,73,48,106,114,89,34,59,99,56,23,45,3,28,66,41,14,40,38,127,15,84,20,36,91,33,126,8,85,80,46,107,70,81,98,18,94,53,4,87,96,118,24,11,100,122,52,74,95,22,39,92,0,76,78,88,115,117,71,90|_G11887033]
  087		 31232.7876538988		[116,109,36,10,125,121,20,48,68,56,55,79,0,76,45,92,129,24,85,6,16,8,73,81,72,74,100,80,52,107,94,105,75,39,50,54,106,44,61,22,78,38,127,84,29,114,15,65,89,82,124,111,104,60,96,118,67,86,11,91,57,21,113,23,93,83,14,42,25,123,19,53,30,99,5,95,77,46,98,18,47,63,108,33,120,49,40,117,101,59,9,13,27,4,87,7,12,32,102,35,71,90,31,112,110,122,128,62,103,126,37,3,119,88,1,115,28,70,17,69,64,26,34,58,2,66,41,43,51,97|_G11887033]
  088		 31235.5376492670		[116,30,36,69,125,37,92,129,24,85,6,28,8,73,81,98,18,5,75,44,17,51,64,26,16,58,2,38,127,84,77,34,107,94,82,124,4,43,19,53,93,99,47,63,108,33,120,49,40,113,23,88,106,1,61,65,7,111,104,60,96,118,56,55,11,91,57,21,117,13,9,12,32,102,35,71,90,31,126,45,3,119,66,41,20,109,0,76,121,101,39,50,54,72,74,62,103,115,10,70,67,42,25,123,78,86,79,95,22,46,48,68,87,114,15,29,89,97,112,110,122,128,100,80,52,105,83,14,59,27|_G11887033]
  089		 31245.3039640656		[116,30,36,69,125,37,92,129,24,85,6,16,8,73,81,98,18,5,75,1,17,51,64,26,56,55,102,35,71,90,31,112,110,122,105,95,22,46,39,50,54,72,74,100,80,52,109,83,14,42,25,123,19,111,93,99,47,63,33,2,38,127,12,32,11,91,57,21,117,13,9,86,128,62,103,115,78,97,126,45,3,119,66,41,20,48,68,67,4,79,0,76,70,87,114,15,29,89,82,124,53,104,60,96,118,28,108,58,120,49,40,113,43,10,61,34,107,94,7,84,121,101,59,23,88,106,44,77,65,27|_G11887033]
  090		 31250.5160633913		[122,31,54,26,81,51,76,112,1,104,124,84,2,45,53,113,120,43,18,88,102,9,46,114,89,22,73,23,3,49,10,128,35,56,110,72,74,66,36,12,95,25,6,8,100,99,94,34,5,48,57,90,126,55,105,50,11,64,101,62,47,96,69,103,83,63,108,127,77,58,7,87,67,24,118,60,116,75,115,42,97,109,78,14,38,0,79,27,68,85,92,86,106,129,4,71,37,30,33,98,91,93,117,61,44,39,32,59,65,21,125,13,123,70,16,80,28,107,41,82,111,19,40,15,29,17,121,20,52,119|_G11887033]
  091		 31250.9735293138		[94,30,33,96,118,67,63,106,15,99,56,80,45,109,34,53,17,70,75,117,36,5,19,50,71,90,31,112,110,51,52,124,77,57,91,41,7,12,46,79,43,59,58,2,13,9,21,121,107,105,119,66,40,0,116,27,84,29,55,61,44,1,104,113,60,87,88,86,65,42,108,123,68,37,6,25,8,11,93,81,98,18,101,47,97,26,4,126,114,89,82,38,127,76,10,125,120,49,48,16,128,62,83,115,20,129,24,85,102,35,39,54,64,72,74,100,122,23,95,22,111,32,92,3,14,69,103,78,73,28|_G11887033]
  092		 31256.6226867346		[61,55,86,95,22,120,65,77,112,37,51,70,105,52,124,111,108,123,68,110,23,128,63,44,109,60,96,118,69,47,67,35,87,114,84,15,89,10,127,75,29,7,12,32,92,129,24,85,83,31,18,94,99,103,78,119,115,117,4,39,50,64,72,74,11,102,8,48,49,14,16,116,113,58,2,59,30,36,91,106,126,88,101,104,27,13,9,21,121,46,79,0,76,38,45,62,93,26,57,5,19,54,71,90,98,42,80,100,122,33,1,125,82,97,53,56,6,25,3,73,81,28,107,40,20,17,34,66,41,43|_G11887033]
  093		 31256.6891925438		[116,30,36,69,125,37,92,129,24,85,6,16,8,73,81,98,18,109,83,14,42,25,123,19,53,93,99,47,63,108,33,120,49,40,113,7,91,57,21,117,13,9,86,128,62,103,56,55,102,35,45,3,119,66,41,20,48,68,67,4,79,0,76,70,87,114,15,29,89,82,124,111,104,60,96,118,28,58,2,38,127,12,32,11,84,43,34,107,94,77,10,121,101,59,23,5,75,65,27,51,64,26,115,31,112,110,122,105,95,22,46,39,50,54,72,74,100,80,78,97,126,71,90,52,88,106,44,61,1,17|_G11887033]
  094		 31266.9993439954		[92,79,36,91,115,125,120,49,10,128,42,83,118,87,4,117,114,89,109,103,97,34,107,14,101,13,9,21,121,1,129,113,58,95,22,17,70,15,99,31,69,106,30,93,28,47,112,88,61,84,20,46,53,68,76,62,73,8,55,86,116,27,78,18,96,56,23,45,3,119,66,41,43,40,38,127,75,29,7,12,32,104,111,108,123,85,37,60,25,82,65,77,11,5,19,54,71,90,6,126,110,51,44,63,48,57,2,81,98,33,94,0,67,80,26,59,24,16,102,35,39,50,74,72,122,100,64,52,105,124|_G11887033]
  095		 31267.6073646229		[116,30,36,69,125,37,92,129,24,85,6,16,8,73,81,98,18,5,75,1,17,51,64,26,28,58,2,38,127,84,77,34,76,94,105,95,22,46,39,50,54,48,68,67,4,79,0,83,14,42,25,123,19,53,93,99,47,63,108,33,120,49,40,113,23,88,106,44,61,65,7,12,32,102,35,41,20,72,74,100,80,52,109,107,70,87,97,126,45,3,119,66,27,90,31,112,110,122,128,62,103,115,78,114,15,29,89,82,124,111,104,60,96,118,86,13,21,117,9,10,121,101,59,71,56,55,11,91,57,43|_G11887033]
  096		 31268.1825621258		[122,31,54,57,81,51,11,34,1,67,124,84,2,45,3,49,63,128,35,56,110,72,74,8,100,112,47,76,104,94,62,108,123,68,26,106,70,82,46,66,36,18,88,102,126,19,32,59,7,12,95,20,5,90,9,107,14,29,23,53,113,120,92,64,37,30,25,129,114,89,24,80,86,48,50,101,125,22,55,39,75,10,87,97,105,71,52,119,98,91,21,65,58,77,13,43,121,115,78,111,118,117,73,27,6,42,99,109,17,60,116,38,0,79,127,61,44,103,40,33,93,96,69,4,16,41,28,15,85,83|_G11887033]
  097		 31276.5968989023		[94,30,33,96,118,67,63,106,23,45,109,103,111,32,92,129,115,117,4,126,114,89,116,27,47,88,34,13,9,21,121,1,104,82,101,75,29,7,22,0,40,38,127,65,15,43,46,6,25,8,11,73,81,98,113,59,53,17,70,84,20,36,56,60,87,123,68,85,69,78,76,5,95,12,61,44,107,112,110,51,80,10,128,62,83,24,93,102,35,39,79,64,72,74,100,122,16,125,120,91,37,50,108,97,57,119,42,99,2,48,55,86,14,52,124,77,26,105,19,54,71,90,31,18,58,66,49,41,3,28|_G11887033]
  098		 31282.8238343104		[61,55,86,32,22,46,79,0,109,78,51,80,105,57,40,38,127,75,9,21,29,7,12,95,92,129,83,15,107,70,94,53,69,99,56,23,28,3,119,66,41,14,16,123,68,64,35,81,98,18,74,19,54,71,90,31,112,37,34,115,10,4,87,96,60,128,24,85,118,102,72,39,50,110,6,25,63,44,76,113,101,116,27,13,59,30,36,91,103,47,67,8,88,97,93,26,42,11,100,122,52,124,111,108,45,84,20,114,89,125,120,49,117,33,62,126,17,73,48,106,104,1,65,77,58,5,43,2,121,82|_G11887033]
  099		 31290.5832774069		[61,55,86,101,116,27,13,9,21,121,1,65,77,57,5,19,54,49,87,128,62,93,70,81,11,100,122,52,124,111,108,123,68,118,6,25,63,91,109,82,95,22,46,79,0,76,78,34,33,117,4,38,114,20,40,84,89,17,73,51,80,105,90,113,58,2,59,30,36,44,60,126,88,97,53,64,102,32,92,129,24,85,83,23,18,94,99,103,115,8,110,28,3,35,47,75,96,56,98,71,104,31,112,37,48,106,14,16,125,120,12,66,41,43,15,10,127,67,69,39,50,45,72,74,26,42,107,29,7,119|_G11887033]
  100		 31292.4147433068		[61,55,31,112,37,51,80,105,104,98,72,74,56,23,45,3,79,0,76,78,34,125,117,4,87,10,15,84,20,17,33,96,8,102,35,57,92,121,69,47,83,30,36,91,53,116,27,13,2,29,129,88,97,67,118,114,89,128,62,93,26,42,11,100,122,52,119,66,94,59,115,120,49,107,70,81,64,86,95,22,46,124,111,108,123,68,110,6,25,63,44,109,82,101,1,65,77,58,5,19,32,71,90,18,14,16,24,85,103,73,48,12,41,50,9,21,7,43,60,126,28,113,106,54,39,99,75,40,38,127|_G11887033]
  101		 31296.7913766496		[61,55,86,101,116,27,13,9,21,121,1,65,77,57,5,19,54,49,87,128,62,93,70,81,11,100,122,52,124,111,108,123,68,118,6,25,63,91,109,82,95,22,46,79,0,76,78,34,33,117,4,38,114,20,40,84,89,17,73,51,80,105,90,113,58,2,59,30,36,44,60,126,88,97,53,56,98,99,104,31,112,37,48,106,14,16,125,120,119,66,41,43,15,10,127,75,96,64,102,32,92,129,24,85,83,23,18,94,71,103,115,8,110,28,3,35,47,67,69,39,50,45,72,74,26,42,107,12,7,29|_G11887033]
  102		 31299.8607227659		[94,30,33,96,118,67,63,106,23,45,28,103,111,32,92,129,115,117,4,126,114,89,116,27,47,88,34,13,9,21,121,1,104,82,101,75,29,65,22,0,40,38,127,7,15,43,46,6,25,8,11,73,81,98,113,59,53,17,70,84,20,36,66,60,87,123,68,85,69,78,76,5,95,12,80,44,107,112,110,51,61,10,128,62,83,24,93,102,35,39,79,64,72,74,100,122,52,124,77,57,105,19,54,71,90,31,18,58,2,48,55,86,14,16,125,120,49,37,50,108,97,26,119,42,3,56,91,41,99,109|_G11887033]
  103		 31301.0283020933		[116,109,36,69,16,92,129,24,85,6,45,8,73,81,98,18,47,63,108,33,34,49,40,21,101,59,27,13,9,4,87,114,15,65,89,82,124,111,104,60,96,118,67,86,94,91,57,117,113,23,93,110,122,128,62,103,115,44,75,126,125,121,20,48,68,56,55,79,0,76,37,3,119,123,19,53,30,102,35,71,90,31,112,83,14,42,99,5,97,1,17,51,64,26,78,2,58,38,32,84,29,7,12,127,25,88,106,28,61,22,120,107,11,105,95,77,46,39,41,54,72,74,100,80,52,66,50,43,10,70|_G11887033]
  104		 31305.3871781616		[116,30,36,69,125,37,92,129,24,85,6,16,8,73,81,98,18,5,75,1,17,51,64,26,56,55,102,35,71,90,31,112,110,122,105,95,22,46,39,50,54,72,74,100,80,83,14,42,25,123,19,53,93,99,47,63,108,33,120,49,40,113,43,91,57,21,117,13,9,86,128,62,103,115,52,109,78,97,126,45,3,119,66,41,20,48,68,67,4,79,2,76,70,87,114,15,29,89,82,124,111,104,60,96,118,28,58,0,38,127,12,32,11,84,77,34,107,94,44,10,121,101,59,23,88,106,65,27,7,61|_G11887033]
  105		 31307.7906844821		[97,55,86,50,64,72,74,70,81,98,18,94,53,4,87,114,89,75,61,30,17,73,48,106,14,77,125,120,49,10,128,62,93,26,42,47,67,103,83,124,111,108,123,68,110,6,25,63,44,109,82,101,116,27,13,7,21,121,96,118,24,11,100,122,52,119,35,31,112,28,66,65,95,34,59,99,56,76,78,88,91,33,126,8,85,80,39,20,45,3,37,51,102,105,104,113,58,2,29,9,12,32,79,129,22,46,92,0,41,43,40,38,127,15,84,107,36,115,117,69,60,1,23,16,57,5,19,54,90,71|_G11887033]
  106		 31311.6602358287		[61,55,86,95,22,46,124,111,108,123,68,110,6,25,63,44,109,82,101,96,8,102,35,57,50,9,21,7,12,54,92,127,4,87,114,89,126,30,36,91,53,116,27,13,52,119,66,76,59,125,120,49,10,15,84,20,17,73,51,80,105,43,40,38,129,75,60,128,62,93,26,42,11,100,122,2,29,121,1,65,77,58,104,19,32,71,90,31,23,14,16,24,85,103,33,56,47,83,28,107,70,81,98,112,37,48,106,41,5,64,72,74,69,18,45,3,79,0,99,78,34,115,117,88,97,67,118,113,39,94|_G11887033]
  107		 31311.7258477298		[116,109,36,69,45,92,129,24,85,6,16,8,73,81,98,18,47,63,108,33,120,49,40,21,101,59,27,13,9,4,87,114,15,65,89,82,124,111,104,60,96,118,67,86,105,91,57,117,113,23,93,83,14,42,99,5,97,1,17,51,64,26,78,2,58,70,127,84,29,7,12,32,25,123,19,53,30,102,35,71,90,31,112,110,122,128,62,103,115,44,75,126,125,121,20,48,68,52,66,50,43,10,38,11,94,95,77,46,39,22,34,107,72,74,100,80,56,55,79,0,76,37,3,119,88,106,28,61,41,54|_G11887033]
  108		 31317.1501317342		[116,30,36,69,125,37,92,129,24,85,6,16,23,73,81,98,18,5,75,1,17,51,64,26,115,49,40,113,7,91,57,21,117,13,9,95,22,46,39,50,54,72,74,100,80,52,109,83,14,42,114,15,29,89,82,84,111,104,60,33,120,78,97,126,71,90,31,112,110,122,105,86,128,62,103,11,55,102,35,45,3,119,66,41,20,48,68,67,4,79,0,76,70,87,25,123,19,53,93,99,47,63,108,96,118,28,58,2,38,127,12,32,56,124,77,34,107,94,43,10,121,101,59,8,88,106,44,61,65,27|_G11887033]
  109		 31317.9091234100		[116,30,36,33,125,70,20,100,51,56,55,92,129,24,85,6,7,31,83,110,68,128,62,106,86,10,97,126,94,105,95,22,46,39,50,54,80,26,78,58,2,38,127,84,29,16,12,32,102,35,71,90,8,73,81,98,18,115,14,42,25,123,19,53,93,99,5,75,1,17,122,72,74,64,48,117,109,112,63,108,60,120,49,40,52,101,124,13,121,4,118,67,47,11,69,96,3,119,66,41,43,21,113,23,88,103,104,61,77,34,107,45,87,114,15,65,89,82,59,27,111,44,79,0,76,37,91,57,28,9|_G11887033]
  110		 31319.7248830741		[116,30,79,69,125,119,92,129,24,85,6,16,8,73,81,98,18,5,75,1,102,51,64,26,78,58,2,38,127,84,77,34,107,94,105,95,22,46,39,50,54,72,74,99,47,63,108,33,120,49,40,113,23,88,106,44,61,65,7,12,32,17,35,71,36,0,10,100,80,52,109,103,115,28,97,76,45,3,59,66,37,27,48,68,67,86,90,31,112,110,122,128,62,83,14,42,25,123,19,60,96,118,56,55,11,91,57,21,126,70,87,43,117,13,4,114,15,29,89,82,124,111,104,53,93,121,9,101,41,20|_G11887033]
  111		 31324.0711163761		[94,30,33,96,118,67,63,106,23,45,109,103,123,68,85,69,78,76,5,95,12,61,44,107,112,110,51,80,10,128,62,83,24,93,102,75,29,125,120,49,37,50,108,97,26,119,42,3,25,8,11,73,81,98,113,59,53,17,70,84,20,36,66,60,87,6,32,92,129,115,117,4,126,114,89,116,27,47,88,34,13,9,21,121,1,104,82,101,35,39,79,64,72,74,100,122,52,124,77,57,105,19,54,71,90,31,18,58,2,48,55,86,14,16,7,22,0,40,38,127,65,15,43,46,111,56,91,41,99,28|_G11887033]
  112		 31326.5335292894		[116,30,75,69,125,37,92,129,24,85,6,16,8,73,81,98,18,5,22,46,48,68,87,114,15,29,89,97,112,110,122,128,62,103,115,10,111,104,60,96,118,56,55,11,91,21,57,117,13,9,4,43,19,53,93,99,47,63,108,33,120,86,40,113,23,88,106,44,61,65,7,12,32,102,35,71,90,31,126,45,3,119,66,41,20,105,0,76,70,67,39,50,54,72,74,100,80,52,109,83,14,42,25,123,78,49,79,95,36,1,17,51,64,26,28,58,2,38,127,84,77,82,107,94,34,124,121,101,59,27|_G11887033]
  113		 31331.4753514695		[116,30,36,69,125,37,92,129,24,85,6,16,8,73,81,98,18,5,75,1,17,51,64,26,28,58,2,38,127,84,77,34,76,94,105,95,22,46,39,50,72,54,74,100,80,52,109,83,115,42,25,123,19,53,93,99,47,63,108,33,120,49,40,113,23,88,106,44,61,65,7,12,32,102,35,41,20,48,68,67,4,79,0,107,70,87,97,126,45,3,119,66,27,90,31,112,110,122,128,62,103,14,78,114,15,29,89,82,124,111,104,60,96,118,86,13,21,117,43,10,121,101,59,71,56,55,11,91,57,9|_G11887033]
  114		 31332.3117017035		[94,30,33,96,118,67,63,106,23,45,109,103,123,68,85,69,78,76,5,95,12,61,44,107,112,110,51,80,10,128,62,83,24,93,102,75,29,89,116,27,47,88,34,13,9,21,121,1,104,82,101,73,81,98,113,59,53,17,70,84,20,36,66,60,87,111,32,92,129,115,117,4,126,114,125,120,49,37,50,108,97,26,119,42,3,25,8,11,35,39,79,64,72,74,100,122,52,124,77,57,105,19,54,71,90,31,18,58,2,48,55,86,14,16,7,22,0,40,38,127,65,15,43,46,6,56,91,41,99,28|_G11887033]
  115		 31334.3710286194		[122,31,54,57,81,51,76,112,1,67,6,64,33,53,60,116,38,128,35,56,119,72,74,8,100,34,47,96,69,17,82,55,28,94,10,107,99,11,46,66,36,50,101,125,21,41,39,14,26,106,70,109,4,24,104,75,62,108,123,68,85,25,129,114,89,22,80,86,97,105,30,83,98,91,16,65,58,77,7,43,121,115,78,37,88,18,118,102,126,19,32,59,13,12,95,48,87,20,5,90,9,44,103,40,15,71,23,93,113,120,92,42,111,127,61,117,73,27,124,84,2,45,3,49,63,0,79,29,52,110|_G11887033]
  116		 31335.0402769632		[116,30,36,69,125,37,92,129,24,85,6,16,8,73,81,72,18,5,47,63,108,33,120,49,40,113,23,88,106,44,61,65,7,12,32,102,11,91,57,76,70,87,114,128,62,103,115,78,97,126,45,3,119,121,101,59,71,56,55,35,27,90,31,112,110,122,15,29,89,82,124,111,104,60,96,118,86,13,21,117,43,10,66,41,20,48,68,67,4,79,0,75,1,17,51,64,26,28,58,2,38,127,84,77,34,107,94,105,95,22,46,39,50,54,98,74,100,80,52,109,83,14,42,25,123,19,53,93,99,9|_G11887033]
  117		 31335.9963663469		[61,55,86,95,22,120,65,77,57,5,19,54,71,90,98,112,37,51,80,105,104,113,58,2,59,30,36,91,60,126,88,4,116,27,13,9,21,121,46,79,0,76,81,8,48,75,14,16,78,1,125,33,96,67,69,47,26,42,11,100,122,52,34,111,108,70,56,118,115,117,101,66,41,43,40,10,127,87,29,7,12,32,92,129,24,85,83,31,18,94,99,103,110,119,35,49,114,84,15,89,20,17,73,38,128,62,93,23,45,3,124,39,50,64,72,74,123,68,106,6,25,63,44,109,82,97,53,102,28,107|_G11887033]
  118		 31338.0079543807		[122,31,54,57,81,51,76,11,118,18,88,102,14,64,101,93,67,24,80,42,97,99,73,48,52,105,94,55,26,106,70,78,113,19,17,60,116,38,0,79,127,126,46,66,36,108,123,68,114,20,71,91,30,119,98,37,16,62,109,47,83,110,86,90,50,28,9,95,39,13,43,121,32,59,65,107,12,10,25,6,85,89,22,27,128,35,56,100,2,45,120,61,44,82,40,15,29,23,53,111,5,63,129,103,33,112,1,104,124,84,34,115,3,49,41,92,4,21,125,75,117,77,58,7,87,72,74,8,96,69|_G11887033]
  119		 31338.8210461285		[116,30,36,69,125,37,56,55,11,91,57,21,86,13,9,117,101,43,33,120,49,40,113,23,99,106,44,61,65,7,12,32,102,71,35,90,31,112,110,122,128,62,103,115,78,97,126,45,3,119,66,41,20,48,68,67,4,79,0,76,70,87,114,15,29,89,82,124,111,104,60,96,24,10,121,52,51,64,26,28,58,2,38,127,84,77,34,107,94,105,95,22,46,39,50,54,72,74,100,80,98,109,83,14,42,25,123,19,53,93,88,75,63,108,92,129,118,85,6,16,8,73,81,18,5,47,1,17,59,27|_G11887033]
  120		 31339.3300365494		[122,31,54,57,81,51,11,34,1,67,124,84,2,45,3,49,63,128,35,56,110,72,74,8,100,112,47,76,104,94,62,108,123,68,26,106,70,38,46,66,36,50,101,125,22,55,39,75,10,107,15,29,23,53,113,120,92,64,37,30,25,129,114,89,24,80,86,48,87,97,105,71,52,119,118,18,88,102,126,19,32,59,7,12,95,117,73,27,6,42,99,109,17,60,116,82,0,79,127,61,44,103,40,33,20,5,90,9,98,91,21,65,58,77,13,43,121,115,78,111,93,96,69,4,16,41,28,14,85,83|_G11887033]
  121		 31341.8224921184		[116,30,36,33,125,70,20,100,51,56,55,92,129,24,85,6,7,31,83,110,68,128,62,106,86,10,97,40,94,105,95,22,46,39,50,54,80,26,78,58,2,38,127,84,29,16,12,32,52,109,112,63,108,60,120,49,126,117,101,59,27,111,44,79,0,76,37,69,96,3,119,66,41,43,21,113,23,88,103,104,61,77,102,35,71,90,8,73,81,98,18,115,14,42,25,123,19,53,93,99,5,75,1,17,122,72,74,64,48,34,107,45,87,114,15,65,89,82,124,13,121,4,118,67,47,11,91,57,28,9|_G11887033]
  122		 31342.3879191032		[122,31,54,57,73,51,76,112,114,104,124,84,2,46,127,49,111,37,106,70,78,53,113,64,116,30,71,123,68,85,35,24,80,28,99,87,47,26,48,23,93,109,88,75,97,42,103,94,32,126,96,69,50,13,41,121,5,11,18,8,100,34,20,27,0,4,89,22,14,33,129,38,3,90,115,105,95,65,72,74,119,101,66,45,10,128,67,12,120,21,125,58,107,61,7,77,79,117,15,44,1,40,83,62,108,118,81,110,60,25,63,16,55,59,52,19,82,92,39,86,6,43,36,29,17,9,98,56,102,91|_G11887033]
  123		 31342.6405591510		[122,31,54,57,98,91,16,65,58,77,13,43,121,115,78,111,118,18,88,102,126,19,32,107,7,12,95,20,5,90,9,117,73,27,61,79,127,129,42,33,93,82,104,75,62,108,123,68,85,25,6,114,89,22,109,112,1,67,124,84,2,45,23,60,116,38,0,24,110,72,74,8,52,119,39,14,26,106,70,99,46,66,36,50,101,125,44,103,49,63,128,35,56,21,41,87,59,34,71,100,105,48,47,96,69,4,55,10,94,28,97,11,80,86,40,15,29,17,53,113,120,92,64,37,30,83,81,51,76,3|_G11887033]
  124		 31343.9192606479		[116,30,36,69,125,37,92,129,24,85,6,16,8,73,81,98,18,5,75,1,17,51,64,26,28,58,2,38,127,0,4,79,57,76,70,68,67,46,39,50,54,72,74,100,80,52,109,83,14,42,25,123,19,53,93,99,47,63,108,33,120,49,40,113,23,88,106,44,61,65,7,12,32,102,35,27,90,31,112,110,122,87,114,15,29,89,82,124,111,104,60,96,118,86,13,59,117,43,10,121,101,9,71,56,55,11,128,62,103,115,78,97,126,45,3,119,66,41,20,48,91,84,77,34,107,94,105,95,22,21|_G11887033]
  125		 31345.8342685725		[97,55,86,50,64,72,74,70,81,98,18,94,53,4,87,114,89,75,61,30,17,73,48,106,14,77,125,120,49,10,128,62,93,26,42,47,67,103,83,124,111,108,123,68,110,6,25,63,44,109,82,101,116,27,13,7,21,121,96,118,24,11,100,122,52,119,35,31,112,28,66,41,43,40,38,127,15,84,3,36,91,33,126,8,85,80,39,20,45,107,37,51,102,105,104,113,58,2,29,9,12,32,79,129,22,46,92,0,65,95,34,59,99,56,76,78,88,115,117,69,60,1,23,16,57,5,19,54,90,71|_G11887033]
  126		 31348.4451436844		[122,31,54,57,81,51,76,11,118,18,88,102,14,86,101,93,67,34,80,42,72,74,8,100,24,47,94,111,4,28,9,19,39,13,43,121,115,75,61,44,82,40,15,29,38,0,79,127,126,46,66,36,108,123,68,114,20,71,91,30,119,98,37,16,117,77,58,7,87,64,90,50,59,105,23,53,55,41,125,26,106,70,78,113,120,32,5,27,129,103,33,25,6,85,89,22,21,92,95,62,109,17,60,73,48,52,116,112,1,104,124,84,2,45,3,49,63,128,35,56,110,97,99,65,107,12,10,96,69,83|_G11887033]
  127		 31352.9423118650		[61,55,86,32,22,46,79,0,109,78,51,80,105,57,40,38,127,75,9,21,29,7,12,95,92,129,83,15,107,70,94,53,69,99,56,23,28,3,119,66,41,14,16,123,68,64,35,81,98,18,74,19,54,71,90,31,112,37,34,115,10,4,87,96,60,128,24,85,118,102,72,39,50,110,6,25,63,44,76,113,101,116,27,13,59,30,36,91,103,47,67,8,88,97,93,26,42,11,100,122,52,48,106,104,1,65,77,58,82,125,120,49,117,33,62,126,17,73,124,111,108,45,84,20,114,89,43,2,121,5|_G11887033]
  128		 31354.2607048468		[94,30,33,96,118,67,63,106,15,99,56,23,45,109,103,111,32,117,3,68,25,81,98,18,64,55,72,74,100,122,52,124,77,57,91,48,7,12,46,79,43,101,58,2,13,9,21,121,107,113,84,29,59,86,119,66,40,0,116,27,60,87,88,1,44,61,104,16,125,120,49,105,95,22,34,53,17,70,75,20,41,5,19,50,71,90,112,110,114,65,36,38,127,14,82,128,62,83,115,92,54,47,97,102,73,28,11,24,85,26,4,126,8,80,10,89,42,108,123,31,76,51,69,35,39,129,93,78,37,6|_G11887033]
  129		 31356.5399656931		[116,30,52,109,112,63,108,60,120,49,40,117,101,59,27,111,44,69,96,3,119,66,41,43,21,70,23,88,103,104,61,17,122,72,74,80,48,36,33,125,113,20,100,51,56,55,79,0,76,37,92,32,102,35,71,90,8,73,81,98,18,86,53,42,25,123,19,14,93,47,11,75,1,77,94,105,95,22,46,39,50,54,64,26,78,58,2,38,127,84,29,16,12,129,24,85,6,7,31,83,110,68,128,62,106,115,10,97,126,34,107,45,87,114,15,65,89,82,124,13,5,91,57,28,99,121,4,118,67,9|_G11887033]
  130		 31356.9934930577		[116,30,36,69,125,37,92,129,24,85,6,16,8,73,81,98,18,5,75,1,17,51,64,26,28,58,2,38,127,84,77,34,107,94,105,95,22,46,39,50,54,72,74,100,80,52,109,83,14,42,25,123,19,53,93,99,47,63,108,33,120,49,40,113,23,88,106,44,61,65,7,12,32,102,35,27,68,31,112,110,122,87,114,15,29,89,82,124,111,104,60,96,118,86,13,59,117,43,10,121,101,9,71,56,55,11,128,62,103,115,78,97,126,45,3,119,66,41,20,48,91,0,4,79,57,76,70,90,67,21|_G11887033]
  131		 31357.9166920201		[94,30,33,96,118,67,63,106,23,45,109,103,111,32,92,129,115,117,4,126,114,89,116,27,47,88,34,13,9,21,121,1,104,82,101,75,29,7,22,0,40,38,127,65,15,43,46,6,25,8,11,73,81,98,113,59,53,17,70,84,20,36,56,60,87,123,68,85,69,78,76,5,95,12,61,44,107,112,110,51,80,10,128,62,83,24,93,102,35,39,79,64,72,74,100,122,16,125,120,26,105,19,54,71,90,31,18,58,66,49,55,86,14,52,124,77,91,37,50,108,97,57,119,42,99,2,48,41,3,28|_G11887033]
  132		 31359.4158666576		[84,12,32,92,129,24,85,16,31,18,94,99,103,110,119,35,87,114,7,62,93,26,42,11,100,122,52,124,111,108,123,4,116,27,13,9,39,121,46,79,0,76,38,128,15,89,20,17,73,81,8,48,49,14,83,78,1,125,33,96,67,69,47,118,115,117,101,21,50,64,72,74,70,102,28,10,127,75,29,61,55,86,95,22,120,65,77,57,5,19,54,71,90,98,112,37,51,80,105,104,113,58,2,59,30,36,91,60,126,88,68,106,6,25,63,44,109,82,97,53,56,23,34,66,41,45,3,43,40,107|_G11887033]
  133		 31364.8899096850		[122,31,54,57,81,51,76,11,118,18,88,102,14,64,101,93,67,24,80,42,97,99,73,48,52,105,94,55,26,106,70,78,113,19,17,60,116,38,1,79,127,7,87,86,90,50,28,9,120,39,13,43,121,32,23,65,107,12,129,103,33,112,0,104,124,111,34,115,3,49,63,128,35,56,100,2,45,95,61,44,82,40,15,10,25,6,85,89,22,5,27,29,92,53,84,41,59,4,21,125,75,62,109,47,96,110,72,74,8,126,46,66,36,108,123,68,114,20,71,91,30,119,98,37,16,117,77,58,69,83|_G11887033]
  134		 31367.4530965333		[122,31,54,57,81,51,76,11,118,18,88,102,14,86,101,93,67,34,80,42,72,74,8,100,24,47,94,111,4,28,9,19,39,13,43,121,115,75,61,44,82,40,15,29,38,0,79,127,126,46,66,36,108,123,68,114,20,71,91,30,119,98,37,16,117,77,58,104,87,64,90,50,59,116,23,53,55,41,125,26,106,70,78,113,120,17,60,65,107,103,33,25,6,85,89,22,21,92,95,62,109,32,5,27,129,12,10,112,1,7,124,84,2,45,3,49,63,128,35,56,110,97,99,73,48,52,105,96,69,83|_G11887033]
  135		 31370.9625812120		[61,55,86,95,22,65,120,77,57,5,19,54,71,90,98,38,37,51,80,105,1,124,111,108,123,68,110,6,25,63,44,109,33,96,118,69,47,67,35,87,114,84,15,89,10,127,75,29,7,12,32,92,129,24,85,83,31,18,94,99,103,78,119,115,117,40,20,66,41,43,107,81,8,48,49,14,16,104,113,58,2,59,70,30,36,91,60,126,88,101,116,27,13,9,21,121,46,79,0,76,112,128,62,93,26,42,11,100,122,106,73,34,17,97,53,56,23,52,125,82,3,102,28,45,4,39,50,64,72,74|_G11887033]
  136		 31371.9956528111		[59,7,82,99,48,57,5,43,54,79,2,8,51,80,105,95,22,85,65,77,32,46,21,50,64,72,122,35,71,90,40,38,6,60,126,53,61,44,56,110,45,3,119,37,41,19,89,33,47,118,81,0,49,10,128,62,83,115,117,76,94,26,42,11,73,67,55,28,74,100,102,93,124,111,108,123,103,23,34,107,12,78,92,129,127,30,36,91,70,120,16,75,29,121,1,104,113,58,97,96,84,20,17,125,15,4,87,63,112,24,25,68,114,66,101,9,39,27,116,88,98,18,69,106,109,14,13,86,31,52|_G11887033]
  137		 31372.2324423822		[94,30,33,96,118,67,63,106,87,88,1,44,61,104,16,79,119,101,58,2,22,34,53,17,70,75,20,36,5,19,37,71,90,31,112,110,78,80,10,65,124,77,57,91,48,7,121,46,125,120,39,105,95,13,9,21,12,107,113,84,29,55,38,15,99,56,23,45,109,103,111,32,92,129,24,73,28,35,49,54,64,72,74,100,122,52,42,108,123,68,50,6,25,8,11,93,81,98,114,59,47,97,26,4,126,18,89,41,86,43,66,40,0,116,27,60,127,14,82,128,62,83,115,117,3,76,51,69,85,102|_G11887033]
  138		 31375.2262188286		[116,30,36,69,125,37,56,55,11,91,57,21,86,13,9,117,101,43,33,120,49,40,113,23,99,106,44,61,65,7,12,32,102,71,35,90,31,112,110,122,128,62,103,115,78,97,126,45,3,119,46,39,50,54,72,74,100,80,98,109,83,14,42,25,123,19,53,93,88,75,60,96,118,10,121,52,51,64,26,28,58,2,38,127,84,77,34,107,94,105,95,22,66,41,20,48,68,67,4,79,0,76,70,87,114,15,29,89,82,124,111,104,63,108,92,129,24,85,6,16,8,73,81,18,5,47,1,17,59,27|_G11887033]
  139		 31379.5230304649		[116,30,75,69,125,37,92,129,32,102,35,71,90,73,81,98,18,5,22,46,48,68,87,114,15,29,89,97,112,110,122,128,62,103,115,10,111,104,60,96,118,56,55,11,91,21,57,117,13,9,4,43,19,53,93,99,47,63,108,33,120,49,40,113,23,88,106,44,61,65,7,12,24,45,3,119,66,41,20,105,0,76,70,67,39,50,54,72,74,100,80,52,109,83,14,58,2,38,127,84,77,95,36,1,17,51,64,26,28,42,25,123,78,86,79,34,107,94,82,124,121,101,59,85,6,16,8,31,126,27|_G11887033]
  140		 31382.1564729800		[116,30,52,109,112,20,108,60,120,49,40,117,101,59,27,111,44,69,96,3,119,66,41,43,21,113,23,88,103,104,61,17,122,72,74,80,48,36,33,125,70,63,100,51,56,55,79,0,76,37,92,32,102,35,71,90,8,73,81,98,18,86,53,42,25,123,19,14,93,47,11,75,1,77,94,105,95,22,46,39,50,54,64,26,78,58,2,38,127,84,29,16,12,129,24,85,6,62,106,115,10,68,128,7,31,83,110,97,126,34,107,45,87,114,15,65,89,82,124,13,121,4,118,67,99,5,91,57,28,9|_G11887033]
  141		 31384.5561913216		[116,30,36,69,125,37,92,129,24,85,6,16,8,73,81,98,18,5,75,1,17,51,64,26,28,58,2,38,127,84,77,34,107,94,105,95,22,46,39,50,54,72,74,100,80,52,109,83,14,42,25,123,19,53,93,99,47,63,108,33,120,49,40,113,23,88,106,44,61,65,7,12,32,102,35,27,90,4,79,57,122,87,114,15,124,89,82,29,111,104,60,96,118,86,13,59,117,43,10,121,101,9,71,56,55,11,128,62,103,115,78,97,126,45,3,119,66,41,20,48,91,67,31,112,110,76,70,68,0,21|_G11887033]
  142		 31386.0408755964		[122,31,54,26,81,51,76,112,1,104,124,84,2,45,53,113,120,43,18,88,102,9,46,114,89,22,73,23,3,49,10,128,35,56,110,72,74,66,36,12,95,25,6,8,100,99,107,34,5,48,57,90,61,44,39,32,59,65,21,125,13,123,69,103,83,63,108,127,77,58,7,87,67,24,118,60,116,75,115,42,97,109,78,14,38,0,79,27,68,85,92,86,106,129,4,71,37,30,33,98,91,93,117,126,55,105,50,11,64,101,62,47,96,70,16,80,28,94,41,82,111,19,40,15,29,17,121,20,52,119|_G11887033]
  143		 31390.7199448960		[116,30,36,69,125,37,92,124,24,85,6,16,8,73,81,98,18,5,75,1,17,51,64,26,115,78,97,126,71,90,31,112,110,122,105,95,22,46,39,50,54,72,74,100,80,20,109,83,14,42,25,123,19,53,93,99,47,63,108,33,120,49,40,113,7,91,57,21,117,13,9,86,128,62,103,56,55,102,35,45,3,119,66,41,52,48,68,67,4,79,0,76,70,87,10,15,29,89,82,129,111,104,60,96,118,28,58,2,38,12,127,32,11,84,43,34,107,94,77,114,121,101,59,23,88,106,44,61,65,27|_G11887033]
  144		 31394.8101814852		[61,55,31,112,37,51,80,105,104,98,72,74,56,23,45,3,79,0,76,78,34,125,117,4,87,10,15,84,20,17,33,96,8,102,35,57,92,121,69,47,83,30,36,91,53,116,27,13,2,29,129,88,97,67,118,114,89,128,62,93,26,42,11,100,122,52,119,66,94,59,115,120,49,107,70,81,64,86,95,22,46,124,111,108,123,68,110,6,25,63,44,109,82,101,1,65,77,58,5,19,32,71,90,18,14,16,24,85,103,73,48,106,41,50,9,21,7,43,60,126,28,75,40,38,127,99,113,12,54,39|_G11887033]
  145		 31397.6775916749		[61,55,86,95,22,120,65,77,57,5,19,54,71,90,98,112,37,51,80,105,12,32,92,129,24,85,83,31,18,94,88,4,116,27,13,9,21,121,46,79,0,76,38,128,62,93,26,42,11,100,82,97,53,56,118,115,117,101,66,41,43,40,10,127,75,29,7,104,113,58,2,59,30,36,73,81,8,48,49,14,16,78,20,125,33,122,52,124,111,108,123,68,106,6,25,63,44,109,15,89,1,17,91,60,126,99,103,110,119,35,87,114,84,96,67,69,47,23,45,3,34,39,50,64,74,72,70,102,28,107|_G11887033]
  146		 31399.3792059094		[116,30,36,69,125,37,92,124,24,85,6,16,8,73,81,98,18,5,75,1,17,51,64,74,100,80,52,109,83,14,42,25,123,19,53,93,99,47,63,108,33,120,49,40,113,7,91,57,21,117,13,9,86,128,62,103,56,55,102,35,26,115,78,97,126,71,90,31,112,110,122,105,95,22,46,39,50,54,72,45,3,119,66,41,20,48,68,67,4,79,0,76,70,87,10,15,29,89,82,129,111,104,60,96,118,28,58,2,38,12,127,32,11,84,43,34,107,94,77,114,121,101,59,23,88,106,44,61,65,27|_G11887033]
  147		 31402.3475242031		[122,31,54,57,98,91,16,65,58,77,13,43,121,115,78,111,118,18,88,102,126,19,32,107,7,12,95,20,5,90,9,117,73,27,61,79,127,129,42,45,93,82,104,75,62,108,123,68,85,25,6,114,89,22,109,112,1,67,124,84,2,33,3,49,63,128,35,56,110,72,74,8,52,119,39,14,26,106,70,99,46,66,36,50,101,125,44,30,96,15,29,23,53,97,11,86,34,48,47,83,81,51,76,17,60,116,38,0,24,55,28,94,10,113,120,92,64,37,103,40,69,4,21,41,87,59,105,71,100,80|_G11887033]
  148		 31404.0384864338		[116,109,36,69,125,121,20,2,38,44,84,29,7,12,32,21,113,23,93,83,14,42,25,123,6,53,30,99,5,75,1,17,51,64,26,78,58,48,68,56,55,105,95,77,46,39,50,54,104,60,96,118,67,86,11,91,57,102,35,71,90,31,112,110,122,128,62,103,115,28,10,114,37,3,119,88,72,74,100,80,52,107,94,47,0,76,45,92,129,24,85,27,16,8,73,81,98,18,79,63,108,33,120,49,40,117,101,59,41,13,9,4,87,126,15,65,89,82,124,111,106,127,61,22,34,66,19,43,97,70|_G11887033]
  149		 31404.3588878097		[116,109,36,69,45,92,129,24,85,6,16,8,73,81,98,18,47,63,108,103,120,49,40,21,101,59,27,13,9,4,87,114,15,65,89,82,124,111,104,60,96,118,67,19,11,91,57,117,113,23,93,83,14,42,99,5,97,1,17,51,64,26,78,2,58,38,127,84,29,7,12,32,25,123,86,53,30,102,35,71,90,31,112,110,122,128,62,33,115,44,75,126,125,121,54,48,68,56,55,79,0,76,37,3,119,88,106,28,61,22,94,107,34,20,72,74,100,80,52,105,95,77,46,39,41,66,50,43,10,70|_G11887033]
  150		 31407.6625112673		[94,30,33,96,19,37,71,90,31,112,110,78,80,10,65,124,77,57,91,48,7,12,46,79,43,101,58,2,13,9,21,121,107,113,84,29,55,38,127,14,105,41,86,119,66,40,0,116,27,60,114,82,128,62,83,64,72,74,56,51,69,73,28,1,44,61,104,126,87,120,49,89,95,22,34,53,5,70,75,20,36,88,118,67,63,106,15,99,76,23,45,109,103,111,32,92,129,24,85,102,35,39,54,115,117,3,100,122,52,42,108,123,68,50,6,25,8,11,93,81,98,18,59,47,97,26,4,16,125,17|_G11887033]
  151		 31415.4754319345		[61,55,31,112,37,51,80,105,104,98,72,74,56,23,45,3,79,0,76,78,34,125,117,4,87,10,15,84,82,128,33,96,8,102,35,39,92,121,69,47,83,30,36,91,53,116,27,13,2,29,129,88,97,67,118,114,89,17,62,93,26,42,11,100,122,52,119,66,94,59,115,120,49,107,70,81,64,86,95,73,19,32,71,90,18,14,16,24,25,63,44,109,20,101,1,65,77,58,22,46,124,111,108,123,68,110,6,85,103,5,48,106,41,43,40,38,127,75,60,126,28,113,50,9,21,7,12,54,57,99|_G11887033]
  152		 31416.2060452895		[122,39,59,92,83,13,9,98,47,16,117,79,127,61,77,82,40,15,29,23,30,43,86,64,14,93,91,96,69,103,33,63,26,88,102,56,42,97,25,108,123,68,85,20,27,17,78,116,38,0,44,1,104,75,84,2,129,4,21,10,128,35,48,110,118,74,90,8,55,120,107,94,106,66,36,71,72,18,125,32,22,114,7,113,45,124,89,54,57,81,51,76,112,50,34,52,115,11,80,28,67,87,109,53,19,101,3,70,60,111,37,41,119,100,105,99,24,46,5,121,95,58,65,12,73,62,126,6,31,49|_G11887033]
  153		 31417.2522648164		[122,31,54,57,81,51,76,112,1,67,124,84,2,45,3,49,63,128,35,56,110,72,74,8,100,34,47,96,69,4,24,55,28,94,10,107,99,11,46,66,36,50,101,125,21,41,39,14,26,106,70,109,17,82,104,75,62,108,123,68,85,25,129,16,93,90,80,86,48,78,111,118,18,88,102,126,19,32,59,13,12,95,20,5,22,9,117,73,27,6,64,33,53,60,116,38,0,79,127,61,44,103,40,15,29,23,89,113,120,92,42,37,71,98,87,114,65,7,30,83,52,43,91,97,58,77,105,119,121,115|_G11887033]
  154		 31420.4956377652		[116,109,36,69,45,92,129,24,85,6,16,8,73,81,98,18,47,63,108,33,34,49,40,21,101,59,27,13,9,4,87,114,15,65,89,82,124,111,104,60,96,118,67,86,94,91,57,117,113,23,93,83,14,42,99,5,97,1,17,51,64,26,78,2,35,71,90,31,112,110,122,128,62,103,115,44,75,126,125,58,38,32,84,29,7,12,127,25,123,19,53,30,102,121,20,48,68,56,55,79,0,76,37,3,119,88,106,28,61,22,120,107,11,105,95,77,46,41,39,54,72,74,100,80,52,66,50,43,10,70|_G11887033]
  155		 31429.2316339597		[17,60,116,89,0,103,40,15,29,23,53,113,120,92,64,37,30,83,98,91,16,65,58,77,13,36,50,101,12,24,55,28,46,10,107,99,43,121,115,78,111,118,79,127,61,44,18,88,102,126,19,32,59,7,125,95,20,5,90,9,117,73,27,75,97,33,93,82,104,6,122,31,54,57,81,51,76,34,1,67,124,84,2,45,3,49,63,128,35,56,110,72,74,8,100,112,47,96,69,4,21,41,39,14,26,106,70,11,94,66,109,62,129,114,38,22,80,86,48,108,123,68,85,25,87,42,105,71,52,119|_G11887033]
  156		 31431.2378476521		[122,31,54,57,73,51,76,112,114,104,124,84,2,46,127,49,10,128,67,12,120,21,125,58,107,61,7,77,79,117,15,44,1,48,83,62,108,118,81,110,60,25,6,16,55,59,52,19,14,126,96,69,103,94,32,50,39,86,18,8,100,34,89,27,0,4,20,22,82,33,129,38,3,90,115,105,95,65,72,74,119,101,66,45,71,37,106,70,78,53,113,64,85,30,111,123,68,116,35,24,80,28,99,87,47,26,40,23,93,109,88,75,97,42,92,13,41,121,5,11,63,43,36,29,17,9,98,56,91,102|_G11887033]
  157		 31431.7457964054		[122,31,54,57,81,51,76,112,78,111,118,18,88,102,97,11,46,66,36,50,101,89,22,80,28,94,10,96,69,4,21,41,39,14,26,106,70,19,32,59,7,12,95,20,5,90,64,37,30,83,98,91,16,65,125,38,0,79,127,61,44,103,40,15,107,99,73,17,60,116,62,108,123,68,85,25,129,114,58,77,13,43,121,115,1,67,124,84,2,45,3,49,63,128,126,56,110,72,74,8,100,34,47,29,33,93,82,104,75,24,55,48,9,117,109,27,6,42,23,53,113,120,92,87,105,119,86,35,52,71|_G11887033]
  158		 31432.2892173819		[116,30,36,69,125,37,92,129,24,85,6,16,8,73,81,98,18,5,75,1,17,51,64,26,56,55,102,35,71,90,31,112,110,122,105,95,22,46,39,50,54,72,74,100,80,91,57,21,117,13,9,86,128,62,103,115,78,97,126,45,3,119,12,32,11,52,109,83,14,42,25,123,19,111,93,99,47,63,33,2,38,127,66,41,20,48,68,67,4,79,0,76,70,87,114,15,29,89,82,124,53,104,60,96,118,28,108,58,120,49,40,113,43,10,77,34,107,94,7,84,121,101,59,23,88,106,44,61,65,27|_G11887033]
  159		 31438.5280495270		[122,31,54,57,81,51,76,112,1,67,6,64,33,53,60,116,38,128,35,56,119,72,74,8,100,34,47,96,69,4,24,55,28,94,10,107,99,11,46,66,36,50,101,125,21,41,39,14,26,106,70,109,17,82,104,75,62,108,123,68,85,25,129,114,89,22,80,86,48,87,97,105,30,83,98,91,16,65,58,77,7,43,121,84,78,37,118,18,88,102,126,19,32,117,73,27,124,115,2,45,3,49,63,0,79,71,23,93,113,120,92,42,111,127,61,59,13,12,95,20,5,90,9,44,103,40,15,29,52,110|_G11887033]
  160		 31439.4490625481		[116,30,36,69,125,7,10,121,101,59,23,88,106,73,81,98,18,5,75,1,17,51,64,26,56,55,102,35,71,90,31,112,110,122,105,95,22,46,39,50,54,72,74,100,80,83,14,42,25,123,19,53,93,99,47,63,108,33,120,49,40,113,43,91,57,21,117,13,9,86,128,62,103,115,52,109,78,97,126,45,3,119,66,41,20,48,68,67,4,79,2,76,70,87,114,15,29,89,82,124,111,104,60,96,118,28,58,0,38,127,12,32,11,84,77,34,107,94,37,92,129,24,85,6,16,8,65,27,44,61|_G11887033]
  161		 31443.3644556959		[122,31,54,57,81,51,76,11,118,18,88,108,123,68,114,20,71,91,30,119,98,37,16,117,103,33,94,55,26,106,70,78,113,19,17,60,116,38,1,79,127,7,87,86,90,50,28,9,120,39,13,43,121,32,59,65,107,12,129,77,58,112,0,104,124,84,34,115,3,49,63,128,35,56,100,2,45,95,61,44,82,40,15,10,25,6,85,89,22,5,27,29,92,53,111,41,23,4,21,125,75,62,109,47,96,110,72,74,8,126,46,66,36,102,14,64,101,93,67,24,80,42,97,99,73,48,52,105,69,83|_G11887033]
  162		 31443.6532807432		[3,34,66,41,57,40,10,127,28,107,15,89,20,17,73,81,8,51,118,105,104,113,58,2,59,30,36,91,60,126,88,101,116,27,13,9,21,121,46,79,0,76,38,128,62,93,26,42,11,100,122,52,124,111,108,123,68,106,6,25,63,44,109,82,97,53,56,23,45,61,55,86,95,22,120,65,77,43,5,19,54,71,90,98,112,37,48,49,14,16,78,1,125,33,69,67,96,47,80,115,117,4,75,29,7,12,32,92,129,24,85,83,31,18,94,99,103,110,74,39,50,64,70,102,72,119,35,87,114,84|_G11887033]
  163		 31445.1431165626		[122,31,54,57,81,51,76,112,1,67,6,64,33,53,60,116,38,128,35,56,119,72,74,8,100,34,47,96,69,4,24,55,28,94,10,107,99,11,46,66,36,50,101,125,21,41,39,14,26,106,70,109,17,82,104,75,62,108,123,68,85,25,129,114,89,22,80,86,48,87,97,105,30,83,98,91,16,65,58,77,7,43,121,84,78,37,118,18,88,102,126,19,32,59,13,12,95,20,5,90,9,44,103,40,15,71,23,93,113,120,92,42,111,127,61,117,73,124,27,115,2,45,3,49,63,0,79,29,52,110|_G11887033]
  164		 31446.6751774610		[116,30,36,69,125,37,92,129,24,85,6,16,8,73,81,72,18,5,47,63,108,33,120,49,40,113,23,88,106,44,61,65,7,12,32,102,35,27,90,31,112,110,122,128,62,103,115,78,97,126,45,3,119,121,101,59,71,56,55,11,91,57,76,70,87,114,15,29,89,82,124,111,104,60,96,118,86,13,21,117,43,10,66,41,20,48,68,67,4,79,0,75,1,17,51,64,26,28,58,2,38,127,84,77,34,107,94,105,95,22,46,39,50,54,98,74,100,80,52,109,83,14,42,25,99,19,53,93,123,9|_G11887033]
  165		 31452.5023134198		[61,55,86,95,22,46,124,111,108,123,68,85,6,25,63,44,109,82,101,116,27,13,2,29,121,1,65,77,58,5,19,32,71,91,81,98,18,14,16,125,120,49,10,128,88,97,28,53,69,33,96,118,102,35,39,50,9,21,7,12,34,4,87,114,89,15,84,20,17,64,72,51,80,105,115,113,66,94,59,30,36,23,48,110,57,99,83,54,107,76,106,75,38,78,70,104,117,92,129,62,93,26,42,11,100,122,52,119,90,31,112,37,67,8,56,73,45,3,79,0,41,43,40,60,47,24,127,103,126,74|_G11887033]
  166		 31453.7542795983		[94,30,33,96,118,67,63,106,15,99,56,80,45,109,34,53,17,70,75,117,36,5,19,50,71,90,31,112,110,51,52,124,77,57,91,41,7,12,46,125,43,59,58,2,13,9,21,121,107,105,119,66,40,0,116,27,84,29,55,61,44,1,104,113,60,87,88,86,65,42,108,123,68,37,6,25,8,11,93,81,98,18,101,47,97,26,4,126,114,89,82,38,127,76,10,79,120,49,48,16,128,62,83,115,20,129,24,85,102,35,39,54,64,72,74,100,122,23,95,22,111,32,92,3,14,69,103,78,73,28|_G11887033]
  167		 31458.5711665249		[122,31,54,57,81,51,76,11,118,18,88,102,14,86,101,93,67,34,80,42,97,99,73,48,52,105,94,55,4,21,92,75,62,109,17,60,116,38,0,79,127,126,46,66,59,108,123,68,65,20,71,91,30,119,98,37,16,117,77,58,125,26,106,70,78,113,19,32,2,45,3,49,63,128,35,56,110,72,74,8,100,24,47,96,1,104,124,84,7,87,64,90,50,28,9,120,95,61,44,82,40,15,29,23,53,36,41,5,27,129,103,33,25,114,12,10,39,13,43,121,115,112,69,6,85,89,22,111,107,83|_G11887033]
  168		 31459.4945728030		[116,30,36,69,125,37,92,129,24,85,6,16,8,73,81,98,18,109,83,14,42,25,123,19,53,93,99,47,63,108,33,120,49,40,113,7,91,57,21,117,13,9,86,128,62,103,56,55,102,35,45,3,119,66,41,20,48,68,67,4,79,105,76,70,87,114,15,29,89,82,124,111,104,60,96,118,28,58,2,38,127,12,32,11,84,43,34,107,94,126,10,121,101,59,23,5,75,1,17,51,64,26,115,78,97,77,71,90,31,112,110,122,0,95,22,46,39,50,54,72,74,100,80,52,88,106,44,61,65,27|_G11887033]
  169		 31460.7225627481		[116,30,75,69,125,37,92,129,24,85,6,16,8,73,81,98,18,5,22,46,48,68,87,114,15,29,89,97,112,110,122,128,62,103,115,10,111,104,60,96,118,56,55,11,91,21,57,117,13,9,4,43,19,53,93,99,47,63,108,33,120,49,40,113,23,88,106,44,61,65,7,12,32,102,35,71,90,31,126,45,3,119,66,41,20,105,0,76,70,67,39,58,2,38,127,84,77,95,36,1,26,51,64,17,28,42,25,123,78,86,79,34,107,94,82,124,121,101,59,27,50,54,72,74,100,80,52,109,83,14|_G11887033]
  170		 31462.3375673293		[94,30,33,96,118,67,63,106,23,45,109,103,111,32,92,129,115,117,4,126,114,89,116,27,47,88,34,13,9,21,121,1,104,82,101,75,29,125,120,49,37,50,108,97,26,119,42,3,25,8,11,73,81,98,113,59,53,17,70,84,20,36,66,60,87,123,68,85,69,78,76,5,95,12,61,44,107,112,110,51,80,10,128,62,83,24,93,102,35,39,79,64,72,74,100,122,52,124,77,57,105,19,54,71,90,31,40,38,127,65,15,43,46,6,56,91,41,18,58,2,48,55,86,14,16,7,22,0,28,99|_G11887033]
  171		 31462.9182730301		[116,109,36,69,45,92,129,24,85,6,16,8,73,81,98,18,47,63,108,33,120,49,40,21,101,59,27,13,9,4,87,114,15,65,89,82,124,111,104,60,96,118,67,86,105,91,57,117,113,23,93,83,14,42,99,5,97,1,107,51,64,26,78,2,58,70,127,84,29,7,12,32,25,123,19,53,30,102,35,71,90,31,112,110,122,128,62,103,115,44,75,126,125,121,20,48,68,56,55,79,0,76,37,3,119,88,106,28,61,22,34,17,72,74,100,80,52,66,50,43,10,38,11,94,95,77,46,39,41,54|_G11887033]
  172		 31467.7273720844		[122,100,54,57,81,51,76,11,118,18,88,102,14,86,101,93,67,34,80,42,97,99,73,48,52,10,112,1,104,124,84,27,129,103,33,25,6,85,89,22,21,92,75,62,109,17,60,116,38,0,79,127,126,46,66,36,105,94,55,4,28,9,19,39,13,43,121,115,95,61,44,77,58,7,87,64,90,50,59,65,107,12,117,123,68,114,20,71,91,30,119,98,37,16,108,82,40,15,29,23,53,111,41,125,26,106,70,78,113,120,32,72,74,8,31,24,47,128,35,56,110,5,2,45,3,49,63,96,69,83|_G11887033]
  173		 31469.0234161143		[84,12,32,92,68,106,6,25,63,44,109,82,97,53,56,23,45,104,113,66,41,43,40,11,100,122,52,124,111,108,123,4,116,27,13,9,39,121,46,79,0,76,38,128,15,89,20,17,73,81,8,48,49,14,16,78,1,125,33,96,67,69,47,118,115,117,101,21,50,64,72,74,70,102,28,10,127,75,29,61,55,86,95,22,120,65,77,57,5,19,54,71,90,98,112,37,51,80,105,3,34,58,2,59,30,36,91,60,126,88,129,24,85,83,31,18,94,99,103,110,119,35,87,114,7,62,93,26,42,107|_G11887033]
  174		 31469.2467896267		[97,55,86,50,64,72,119,35,31,112,37,51,102,105,104,113,58,2,29,9,12,32,79,129,34,59,99,56,23,45,3,28,66,41,14,40,38,127,15,84,20,36,91,33,126,8,85,80,46,107,70,81,98,18,94,53,4,87,96,118,24,11,100,122,52,74,95,22,39,92,0,76,78,88,115,117,69,60,1,65,77,57,5,19,16,125,120,49,10,128,62,93,26,42,47,67,103,83,124,111,108,123,106,110,6,25,63,44,109,54,101,116,27,13,7,21,121,43,82,75,61,30,17,73,48,68,114,89,71,90|_G11887033]
  175		 31472.3184403237		[122,43,59,92,83,13,9,98,91,16,117,79,127,61,77,82,40,15,29,46,5,121,95,58,65,31,73,96,69,103,33,63,26,88,102,56,42,97,25,108,123,68,85,20,27,17,78,116,38,0,44,1,104,75,84,2,129,4,21,10,128,35,48,110,118,74,90,8,55,34,107,94,106,66,36,71,72,18,125,32,22,114,7,113,45,124,89,54,57,81,51,76,112,50,120,52,115,11,80,28,67,87,109,53,19,101,3,70,60,111,37,41,119,100,105,99,24,23,30,39,47,64,14,93,86,62,126,6,12,49|_G11887033]
  176		 31472.9393808300		[122,31,54,57,73,51,76,112,114,104,124,84,2,46,127,49,111,37,106,70,78,53,113,64,116,30,71,123,68,85,35,24,13,41,121,5,11,18,8,100,34,20,27,0,4,89,22,14,33,129,38,3,90,115,105,95,65,72,74,119,101,66,45,10,128,67,80,28,99,87,47,26,48,23,93,109,88,75,97,42,103,94,32,126,96,69,50,12,120,21,125,58,107,61,7,77,79,117,15,44,1,40,91,62,108,118,81,110,60,25,6,16,55,59,52,19,82,92,39,86,63,43,36,29,17,9,98,56,102,83|_G11887033]
  177		 31483.1907849674		[116,30,36,69,125,37,92,129,24,85,6,16,8,73,81,98,18,5,75,1,17,51,64,26,56,55,102,112,71,90,31,35,110,122,105,95,22,46,39,50,54,72,74,100,80,52,109,83,14,42,25,123,19,53,93,99,47,63,108,33,120,49,40,94,7,10,121,101,59,23,88,106,65,27,103,115,78,97,126,45,3,119,20,41,66,48,68,67,4,79,2,76,70,87,114,15,29,89,82,124,111,104,60,96,118,28,58,0,38,127,12,32,11,84,77,34,107,113,43,91,57,21,117,13,9,86,128,62,44,61|_G11887033]
  178		 31483.6792164518		[97,55,86,50,64,72,119,35,31,112,37,51,102,105,104,113,58,2,29,9,12,32,79,129,34,59,99,56,23,45,3,28,66,41,43,40,38,127,15,84,20,36,91,33,126,8,85,80,19,107,70,81,98,67,94,53,4,87,96,118,24,11,100,122,52,74,95,22,39,92,0,76,78,88,115,117,69,60,1,65,77,57,5,46,16,125,120,49,10,128,62,93,26,42,47,18,103,83,124,111,108,123,68,110,6,25,63,44,109,54,101,116,27,13,7,21,121,114,89,75,61,30,106,73,48,17,14,82,71,90|_G11887033]
  179		 31484.0084077765		[122,31,54,57,81,51,76,11,73,48,52,105,94,55,4,28,125,111,41,74,8,100,24,47,96,69,40,15,29,23,53,19,39,13,43,121,115,95,61,44,77,58,7,87,64,90,50,59,65,107,12,10,112,1,104,124,84,27,129,103,33,25,6,85,89,22,21,92,75,62,109,17,60,116,38,0,79,127,126,46,108,36,66,123,68,114,20,71,91,30,119,98,37,16,117,82,113,120,32,5,2,45,3,49,63,128,35,67,34,80,42,97,99,118,18,88,102,14,86,101,93,56,110,72,9,26,106,70,78,83|_G11887033]
  180		 31484.5086715605		[116,109,36,10,125,121,20,48,68,56,55,79,0,76,45,92,129,24,85,6,16,8,73,81,98,18,47,63,108,33,120,49,40,117,101,59,9,13,27,4,87,7,12,32,102,35,71,90,31,112,110,122,128,62,103,115,28,70,126,37,3,119,88,72,74,100,80,52,107,94,105,75,39,50,54,106,44,61,22,78,38,127,84,29,114,15,65,89,82,124,113,104,60,96,118,67,86,11,91,57,21,111,23,93,83,14,42,25,123,19,53,30,99,5,95,77,46,1,17,69,64,26,97,58,2,66,41,43,51,34|_G11887033]
  181		 31486.7138634189		[122,31,54,57,98,91,16,65,58,107,7,12,95,20,5,90,9,117,73,27,61,44,103,40,92,64,37,30,83,81,51,76,17,60,116,38,0,79,127,129,42,33,93,15,29,23,53,113,120,82,104,75,62,77,13,43,121,115,78,111,118,18,88,102,126,19,32,108,123,68,85,25,6,114,89,22,34,48,47,67,124,84,2,45,3,49,63,128,35,56,110,72,74,8,52,119,39,14,69,4,99,28,94,10,97,55,80,125,46,21,41,87,59,105,71,100,109,112,1,96,26,106,70,11,24,101,36,50,66,86|_G11887033]
  182		 31487.5776669641		[116,30,36,69,125,37,92,129,24,85,6,16,8,73,81,98,18,5,75,1,17,51,64,26,56,55,102,35,71,90,31,112,110,122,105,95,22,46,39,50,54,72,74,100,80,52,109,83,14,42,25,123,19,53,93,99,47,63,58,2,38,127,12,32,11,91,57,21,117,13,9,86,128,40,113,43,84,77,61,65,27,7,10,121,101,59,23,88,4,79,0,76,70,87,114,33,120,49,62,103,115,78,97,126,45,3,119,66,41,20,48,68,67,106,44,34,107,15,29,89,82,124,111,104,60,96,118,28,108,94|_G11887033]
  183		 31491.9283834417		[122,31,54,57,81,51,76,11,118,18,88,102,14,86,101,93,56,110,72,74,8,100,24,47,96,69,40,15,29,23,53,19,39,13,43,121,115,95,61,44,77,58,7,87,64,90,50,59,65,107,12,10,112,1,104,124,84,27,129,103,33,25,6,85,89,22,21,92,75,62,109,17,60,116,38,0,79,52,105,94,66,36,108,123,68,114,20,71,91,30,119,98,37,16,117,82,113,120,32,5,2,45,3,49,63,128,35,67,34,80,42,97,99,73,48,127,126,46,55,4,28,125,26,41,9,111,106,70,78,83|_G11887033]
  184		 31498.7536625400		[61,55,31,112,37,51,80,105,104,98,72,74,56,23,45,3,79,0,76,78,34,125,117,4,87,10,15,84,82,17,33,96,8,102,35,39,92,121,69,47,83,30,36,91,53,116,27,13,2,29,129,88,97,67,118,44,109,20,101,1,65,77,58,73,19,32,71,86,18,14,16,24,85,103,5,48,106,41,43,40,38,127,75,60,126,28,113,50,9,21,7,114,89,128,62,93,26,42,11,100,122,52,119,66,94,59,115,120,49,107,70,81,64,90,95,22,46,124,111,108,123,68,110,6,25,63,12,54,57,99|_G11887033]
  185		 31499.5282563959		[122,31,54,57,81,51,76,11,118,18,88,102,14,86,101,93,67,34,80,42,97,99,73,48,52,105,94,55,4,28,9,19,39,13,43,121,115,6,61,44,82,40,15,29,38,0,79,127,126,46,66,36,108,123,68,114,20,71,91,30,119,98,37,16,117,77,58,7,87,64,90,50,59,116,23,53,111,41,125,26,106,70,78,113,120,32,5,27,129,103,33,25,75,85,89,22,21,92,95,62,109,17,107,65,60,12,10,112,1,104,124,84,2,45,3,49,63,128,35,56,24,72,74,8,100,110,47,96,69,83|_G11887033]
  186		 31502.7358589090		[94,81,98,18,59,47,88,61,44,107,113,58,2,129,24,79,108,82,101,75,29,34,53,57,70,15,99,56,66,41,114,40,78,76,93,16,125,120,77,85,69,38,127,8,11,73,30,33,96,118,67,63,106,23,45,109,103,111,32,92,3,102,35,39,50,64,72,100,74,122,52,105,95,12,121,22,46,48,55,86,116,42,43,5,1,54,71,90,31,112,110,51,80,10,128,62,83,115,117,4,126,97,26,119,84,20,124,89,65,27,13,9,21,7,19,104,0,91,36,49,60,87,123,68,37,6,25,17,14,28|_G11887033]
  187		 31503.0959240211		[116,30,36,33,125,70,20,100,51,56,55,92,129,24,85,6,7,31,83,110,68,128,62,106,86,10,97,126,94,105,95,22,46,39,50,54,64,26,107,45,87,114,15,65,89,82,124,32,102,35,71,75,8,73,81,98,18,115,14,42,25,123,19,53,93,99,5,90,1,17,122,72,74,80,48,52,109,112,63,108,60,120,49,40,117,101,59,27,111,44,79,0,76,37,69,96,57,119,66,41,43,21,113,23,88,103,104,61,77,34,78,58,2,38,127,84,29,16,12,13,121,4,118,67,47,11,91,3,28,9|_G11887033]
  188		 31504.7079355129		[61,55,86,95,22,46,58,104,19,32,71,90,6,25,63,44,109,82,101,96,8,102,35,39,50,9,21,7,12,54,92,127,4,87,114,89,128,62,93,26,23,11,100,122,52,119,66,94,59,125,120,49,10,15,84,20,17,73,48,106,41,43,40,38,129,75,60,126,30,36,91,53,116,27,13,2,29,121,1,65,77,124,111,108,123,68,110,31,42,14,16,24,0,103,33,69,47,83,64,107,70,81,98,112,37,51,80,105,5,28,72,74,56,18,45,3,79,85,78,34,99,115,117,88,97,67,118,113,57,76|_G11887033]
  189		 31504.8766711096		[116,30,81,98,18,5,51,64,26,56,55,102,35,71,90,31,112,110,122,105,95,22,46,39,50,54,72,74,100,80,52,109,83,14,42,25,123,19,53,93,99,47,63,108,33,120,49,40,113,43,91,57,21,117,13,9,86,128,62,75,1,17,103,115,78,97,126,45,3,119,66,41,20,48,68,67,4,79,2,76,70,87,114,15,60,89,82,124,111,104,29,96,118,28,58,0,38,65,12,32,11,84,77,34,107,94,7,10,121,36,69,125,37,92,129,24,85,6,16,8,73,101,59,23,88,106,44,61,127,27|_G11887033]
  190		 31507.8072607203		[99,30,36,91,60,87,8,61,44,107,82,101,75,29,7,12,32,92,129,24,85,102,35,39,50,64,72,74,100,122,52,124,77,57,5,116,54,71,90,31,112,110,51,76,78,18,98,6,37,117,4,126,114,89,19,27,13,9,21,121,17,104,113,58,2,48,55,115,67,63,106,123,68,47,11,73,81,86,33,96,109,88,14,34,53,80,70,79,43,1,108,128,62,83,118,97,26,119,66,84,20,3,103,105,95,120,49,65,125,22,46,41,0,40,93,111,59,38,127,69,16,25,10,15,94,23,42,45,56,28|_G11887033]
  191		 31511.0929341775		[61,55,86,95,22,46,124,111,108,123,68,110,6,25,63,44,109,82,101,96,8,102,35,57,50,9,21,7,12,54,92,127,4,87,114,89,126,30,36,91,53,116,27,13,52,119,66,94,59,125,120,49,10,15,84,20,17,73,51,80,105,43,40,38,129,75,60,128,62,93,26,42,11,100,122,2,29,121,1,65,77,58,104,19,32,71,90,31,23,14,16,24,85,103,33,56,47,83,74,107,70,81,98,112,37,48,106,41,5,64,72,28,69,18,45,3,79,0,99,78,34,115,117,88,97,67,118,113,39,76|_G11887033]
  192		 31512.3873679625		[122,31,54,57,73,51,76,112,114,104,124,84,2,46,127,49,10,128,67,12,120,21,125,58,107,61,7,77,79,117,15,44,1,40,83,62,108,118,81,110,60,25,6,16,24,59,52,19,82,48,23,93,109,100,34,20,27,0,4,89,22,119,33,129,38,3,90,115,105,95,65,72,74,14,101,66,45,111,42,106,70,78,53,113,64,116,30,71,123,68,85,35,55,80,28,99,87,47,26,126,96,69,8,88,75,97,103,94,32,92,39,86,18,37,50,13,41,121,5,11,63,43,36,29,17,9,98,56,91,102|_G11887033]
  193		 31512.8150170075		[61,55,86,95,22,65,120,77,57,5,19,54,71,90,98,112,37,51,80,105,1,124,111,108,123,68,110,6,25,63,44,109,33,96,118,69,47,67,35,87,114,84,15,89,10,127,75,29,7,12,32,92,129,24,85,83,31,18,94,99,103,78,119,115,117,40,20,66,41,43,107,81,8,48,49,14,16,104,113,58,2,59,70,30,36,91,60,126,88,101,116,27,13,9,21,121,46,79,0,76,38,128,62,93,26,42,11,100,122,106,73,125,17,97,53,56,23,52,39,82,3,102,28,45,4,34,50,64,72,74|_G11887033]
  194		 31515.2641685581		[122,31,54,57,73,51,76,67,114,104,124,84,30,46,127,49,10,128,35,12,64,116,2,111,75,68,85,112,24,40,83,62,108,118,93,23,81,109,110,88,123,97,42,50,13,43,121,5,11,63,41,36,32,14,28,99,87,47,26,48,60,25,6,103,7,77,79,117,15,44,1,17,9,90,115,105,95,65,72,74,119,101,66,45,29,37,106,70,78,53,113,120,21,125,58,107,61,55,59,52,19,82,126,96,69,16,94,71,92,39,3,18,8,100,34,20,27,129,4,89,22,91,33,0,38,56,98,86,80,102|_G11887033]
  195		 31525.7890044365		[122,31,54,57,73,51,76,112,114,104,124,84,2,46,127,49,111,37,106,70,78,53,113,64,116,30,71,123,68,85,35,24,13,41,121,5,11,18,8,100,34,20,27,0,4,89,22,14,33,129,38,3,90,115,105,95,65,72,74,119,101,66,45,10,128,67,80,28,99,87,47,26,48,23,93,109,88,75,97,42,103,94,32,126,96,69,50,12,120,21,125,58,107,61,7,77,79,117,15,44,1,40,83,62,108,118,81,110,60,25,6,16,55,59,52,19,82,92,17,86,63,43,36,29,39,9,98,56,102,91|_G11887033]
  196		 31532.5696305051		[122,31,54,57,81,51,16,112,1,67,124,84,2,45,3,49,63,128,35,56,110,72,74,8,100,34,47,96,69,4,15,29,23,53,113,120,92,42,37,30,83,28,94,10,107,99,11,46,66,36,98,64,76,65,58,77,13,43,121,115,24,55,50,5,90,9,117,73,14,26,106,70,109,17,60,116,38,0,79,127,6,91,33,93,82,104,75,62,108,123,68,85,25,129,114,89,22,80,86,48,87,97,105,27,61,44,103,40,78,111,118,18,88,102,126,19,32,59,7,12,95,71,119,41,39,20,21,125,101,52|_G11887033]
  197		 31533.8991098970		[122,31,54,57,98,91,16,65,58,77,13,43,121,115,78,111,118,18,88,102,126,19,32,107,7,12,21,41,87,90,9,117,73,27,61,44,103,40,92,64,37,30,83,81,51,76,17,60,116,38,0,79,127,129,42,33,93,15,29,23,53,113,120,82,104,75,62,108,123,68,85,25,6,114,89,22,34,48,47,67,124,84,2,45,3,49,63,128,35,56,110,72,74,8,52,119,39,14,69,4,99,28,94,10,97,55,80,125,46,95,20,5,1,105,71,100,109,112,59,96,26,106,70,11,24,66,36,50,101,86|_G11887033]
  198		 31535.2092175362		[92,45,36,91,115,125,120,49,10,128,42,83,118,87,4,117,114,89,109,103,97,11,5,19,54,71,44,116,27,78,18,96,63,48,57,2,81,98,33,94,108,80,26,59,24,16,102,35,39,50,64,72,122,100,74,52,105,8,55,86,6,126,110,51,90,56,23,53,3,119,66,41,43,40,38,127,75,29,7,12,32,104,111,67,123,85,37,60,25,14,1,129,113,58,95,22,17,70,15,99,31,69,106,30,93,28,47,65,77,34,107,82,101,13,9,21,121,112,88,61,84,20,46,79,68,76,62,73,0,124|_G11887033]
  199		 31536.9684771941		[116,30,36,69,125,37,92,129,24,85,6,16,8,73,81,98,18,5,75,1,17,51,64,26,56,55,67,35,71,90,31,112,110,122,105,95,22,46,39,50,54,72,74,100,80,52,109,83,14,42,25,123,19,53,93,99,47,63,58,2,38,127,12,32,11,91,57,21,117,13,9,86,128,62,103,115,78,97,126,45,3,119,66,41,20,48,68,102,4,79,0,76,70,87,114,15,29,89,82,124,111,104,60,96,118,28,108,33,120,49,34,113,43,84,77,61,65,27,7,10,121,101,59,23,88,106,44,40,107,94|_G11887033]
  200		 31538.2821595007		[122,31,54,57,81,51,16,112,1,67,124,84,2,45,3,49,63,128,35,56,110,72,74,8,100,34,47,96,69,4,15,29,23,53,113,120,92,42,37,30,83,28,94,10,107,99,11,46,66,36,98,64,76,65,58,77,13,43,121,115,24,55,50,5,90,9,117,73,14,26,106,70,109,17,60,116,38,0,79,127,6,91,33,93,82,114,75,62,108,123,68,85,25,129,104,89,22,80,86,48,87,97,105,27,61,44,103,40,78,111,118,18,88,102,126,19,32,59,7,12,95,125,101,41,39,20,21,71,119,52|_G11887033]
=================================================================================================================================================================== 
