=================================================================================================================================================================== 
                                                         Resultados Algoritmo Genético Caixeiro Viajante                                                           
=================================================================================================================================================================== 
                                                                            Parâmetros                                                                             
------------------------------------------------------------------------------------------------------------------------------------------------------------------- 
	Data =  14/04/2015 15:23:03 	Tempo de execução =  98.951s 	Tamanho da população =  100 	Número de gerações =  100

	Taxa de migração =  10.00% 		Limite de erro =  122200 			Limite do Torneio em Habitat =  100.00

=================================================================================================================================================================== 
                                                                            Soluções                                                                              
Posição  		Distância                                                              Trajeto                                                              
------------------------------------------------------------------------------------------------------------------------------------------------------------------- 
  001		 15262.9067603238		[116,61,89,124,29,125,58,77,120,65,84,82,111,38,70,129,16,96,106,44,108,75,10,60,85,47,126,6,62,33,59,5,39,21,121,50,92,105,41,101,57,91,102,51,81,122,73,71,48,43,36,9,22,19,49,79,20,32,66,95,13,12,46,54,52,3,78,37,80,98,55,100,110,76,118,83,94,99,14,67,112,93,11,90,119,103,26,42,69,87,25,68,63,123,35,31,97,24,109,88,86,64,23,115,28,56,8,74,72,18,30,34,53,1,117,45,17,107,113,2,7,40,0,128,4,15,114,27,104,127|_G1817939]
  002		 15262.9067603238		[116,61,89,124,29,125,58,77,120,65,84,82,111,38,70,129,16,96,106,44,108,75,10,60,85,47,126,6,62,33,59,5,39,21,121,50,92,105,41,101,57,91,102,51,81,122,73,71,48,43,36,9,22,19,49,79,20,32,66,95,13,12,46,54,52,3,78,37,80,98,55,100,110,76,118,83,94,99,14,67,112,93,11,90,119,103,26,42,69,87,25,68,63,123,35,31,97,24,109,88,86,64,23,115,28,56,8,74,72,18,30,34,53,1,117,45,17,107,113,2,7,40,0,128,4,15,114,27,104,127|_G1818338]
  003		 15278.0578421343		[116,61,89,124,29,125,58,77,120,65,84,82,111,38,70,129,16,96,106,128,108,75,10,60,85,47,126,6,62,33,59,5,39,21,121,50,92,105,41,101,57,91,102,51,81,122,73,71,48,43,36,9,22,19,49,79,20,32,66,95,13,12,46,54,52,3,78,37,67,112,93,11,90,119,103,80,98,55,100,110,76,118,83,94,23,14,26,42,69,87,25,68,63,123,35,31,97,24,109,88,99,64,86,115,28,56,8,74,72,18,30,34,53,1,117,45,17,107,113,2,7,40,0,44,4,15,114,27,104,127|_G1818737]
  004		 15278.0578421343		[116,61,89,124,29,125,58,77,120,65,84,82,111,38,70,129,16,96,106,128,108,75,10,60,85,47,126,6,62,33,59,5,39,21,121,50,92,105,41,101,57,91,102,51,81,122,73,71,48,43,36,9,22,19,49,79,20,32,66,95,13,12,46,54,52,3,78,37,67,112,93,11,90,119,103,80,98,55,100,110,76,118,83,94,23,14,26,42,69,87,25,68,63,123,35,31,97,24,109,88,99,64,86,115,28,56,8,74,72,18,30,34,53,1,117,45,17,107,113,2,7,40,0,44,4,15,114,27,104,127|_G1819136]
  005		 15278.0578421343		[116,61,89,124,29,125,58,77,120,65,84,82,111,38,70,129,16,96,106,128,108,75,10,60,85,47,126,6,62,33,59,5,39,21,121,50,92,105,41,101,57,91,102,51,81,122,73,71,48,43,36,9,22,19,49,79,20,32,66,95,13,12,46,54,52,3,78,37,67,112,93,11,90,119,103,80,98,55,100,110,76,118,83,94,23,14,26,42,69,87,25,68,63,123,35,31,97,24,109,88,99,64,86,115,28,56,8,74,72,18,30,34,53,1,117,45,17,107,113,2,7,40,0,44,4,15,114,27,104,127|_G1819535]
  006		 15278.0578421343		[116,61,89,124,29,125,58,77,120,65,84,82,111,38,70,129,16,96,106,128,108,75,10,60,85,47,126,6,62,33,59,5,39,21,121,50,92,105,41,101,57,91,102,51,81,122,73,71,48,43,36,9,22,19,49,79,20,32,66,95,13,12,46,54,52,3,78,37,67,112,93,11,90,119,103,80,98,55,100,110,76,118,83,94,23,14,26,42,69,87,25,68,63,123,35,31,97,24,109,88,99,64,86,115,28,56,8,74,72,18,30,34,53,1,117,45,17,107,113,2,7,40,0,44,4,15,114,27,104,127|_G1819934]
  007		 15278.0578421343		[116,61,89,124,29,125,58,77,120,65,84,82,111,38,70,129,16,96,106,128,108,75,10,60,85,47,126,6,62,33,59,5,39,21,121,50,92,105,41,101,57,91,102,51,81,122,73,71,48,43,36,9,22,19,49,79,20,32,66,95,13,12,46,54,52,3,78,37,67,112,93,11,90,119,103,80,98,55,100,110,76,118,83,94,23,14,26,42,69,87,25,68,63,123,35,31,97,24,109,88,99,64,86,115,28,56,8,74,72,18,30,34,53,1,117,45,17,107,113,2,7,40,0,44,4,15,114,27,104,127|_G1820333]
  008		 15324.9781820942		[116,61,89,124,29,125,58,77,120,65,84,82,111,38,70,129,16,96,106,44,108,75,10,60,85,47,126,6,62,33,59,5,39,21,121,50,92,105,41,101,57,91,102,51,81,122,73,71,48,43,36,9,22,19,49,79,80,98,55,100,110,76,118,83,94,26,103,42,69,87,25,68,63,123,35,31,97,24,109,88,99,23,115,28,56,8,74,72,86,14,18,30,40,0,128,4,15,114,27,7,20,32,66,95,13,12,46,54,52,3,78,37,64,67,112,93,11,90,119,34,53,1,117,45,17,107,113,2,104,127|_G1820732]
  009		 15376.6674035533		[116,61,89,124,29,125,58,77,120,65,84,82,111,38,70,129,16,96,106,44,108,75,10,60,85,47,126,6,62,33,59,5,39,21,121,50,92,105,41,101,57,91,102,51,81,122,73,71,48,43,36,9,22,19,49,79,26,80,98,55,100,110,76,118,83,94,103,42,69,87,25,68,63,123,35,31,97,24,109,88,99,23,115,28,56,8,74,72,86,14,18,30,40,0,128,4,15,114,27,7,20,32,66,95,13,12,46,54,52,3,78,37,64,67,112,93,11,90,119,34,53,1,117,45,17,107,113,2,104,127|_G1821131]
  010		 15383.9719019866		[116,61,89,124,29,125,58,77,120,65,84,82,111,38,70,129,16,96,106,128,4,15,114,27,104,127,40,0,44,108,75,10,60,85,47,126,6,62,33,59,5,39,21,121,50,92,105,41,101,57,91,102,51,81,122,73,71,48,43,36,9,22,19,49,79,20,32,66,95,13,12,46,54,52,3,78,37,67,112,93,11,90,119,103,80,98,55,100,110,76,118,83,94,86,14,26,42,69,87,25,68,63,123,35,31,97,24,109,88,99,64,23,115,28,56,8,74,72,18,30,34,53,1,117,45,17,7,107,113,2|_G1821530]
  011		 15385.0421766588		[116,61,89,124,29,125,58,77,120,65,84,82,111,38,70,129,16,96,106,128,4,15,114,27,44,108,75,10,60,85,47,126,6,62,33,59,5,39,21,121,50,92,105,41,101,57,91,102,51,81,122,73,71,48,43,36,9,22,19,49,79,20,32,66,95,13,12,46,54,52,3,78,37,80,98,55,100,110,76,118,83,94,86,14,67,112,93,11,90,119,103,26,42,69,87,25,68,63,123,35,31,97,24,109,88,99,64,23,115,28,56,8,74,72,18,30,34,53,1,117,45,17,107,113,2,7,104,127,40,0|_G1821929]
  012		 15390.0515601724		[116,61,89,124,29,125,58,77,120,65,84,82,111,38,70,129,16,96,106,44,108,75,10,60,85,47,126,6,62,33,59,5,39,21,121,50,92,105,3,78,37,67,112,93,11,90,119,34,53,1,117,45,17,107,113,2,104,127,103,80,98,122,100,110,76,118,83,94,26,42,69,87,25,68,63,123,35,31,97,24,109,88,99,64,102,51,81,55,73,71,48,43,36,9,22,19,49,79,20,32,66,95,13,12,46,54,52,41,101,57,91,23,115,28,56,8,74,72,86,14,18,30,40,0,128,4,15,114,27,7|_G1822328]
  013		 15402.0221551741		[116,61,89,124,29,125,58,77,120,65,84,82,111,38,70,129,16,96,106,44,108,75,10,60,85,47,6,62,126,33,59,5,39,21,121,50,92,105,41,101,57,91,102,51,81,122,73,71,48,43,36,9,22,19,49,79,20,32,66,95,13,12,46,54,52,3,78,37,67,112,93,11,90,119,103,14,26,42,69,87,25,68,63,123,35,31,97,24,109,88,99,64,86,115,28,56,8,74,72,80,98,55,100,110,76,118,83,94,23,18,30,40,0,128,4,15,114,27,7,34,53,1,117,45,17,107,113,2,104,127|_G1822727]
  014		 15402.0221551741		[116,61,89,124,29,125,58,77,120,65,84,82,111,38,70,129,16,96,106,44,108,75,10,60,85,47,6,62,126,33,59,5,39,21,121,50,92,105,41,101,57,91,102,51,81,122,73,71,48,43,36,9,22,19,49,79,20,32,66,95,13,12,46,54,52,3,78,37,67,112,93,11,90,119,103,14,26,42,69,87,25,68,63,123,35,31,97,24,109,88,99,64,86,115,28,56,8,74,72,80,98,55,100,110,76,118,83,94,23,18,30,40,0,128,4,15,114,27,7,34,53,1,117,45,17,107,113,2,104,127|_G1823126]
  015		 15423.3496995446		[116,61,89,124,29,125,58,77,120,65,84,82,111,38,70,129,16,96,106,44,108,75,10,60,85,47,126,6,62,33,59,5,39,21,121,50,92,105,41,101,57,91,102,51,81,122,73,71,48,43,36,9,22,19,49,79,20,32,66,95,13,12,46,54,52,3,78,37,80,98,55,100,110,76,118,83,94,86,14,67,112,93,11,90,119,103,26,42,69,87,25,68,63,123,35,31,97,24,109,88,99,64,23,115,28,56,8,74,72,18,30,34,53,1,117,45,17,107,113,2,7,40,0,128,4,127,15,104,114,27|_G1823525]
  016		 15438.7098917110		[116,61,89,124,29,125,58,77,120,65,84,82,111,38,70,129,16,96,106,47,126,6,62,33,59,5,39,21,121,50,92,105,41,101,57,91,102,51,81,122,73,71,48,43,36,9,22,19,49,79,20,32,66,95,13,12,46,54,52,3,78,37,67,112,93,11,90,119,103,80,98,55,100,110,76,118,83,94,23,14,26,42,69,87,25,68,63,123,35,31,97,24,109,88,99,64,86,115,28,56,8,74,72,18,30,34,53,1,117,45,17,107,113,2,7,40,0,128,44,108,75,10,60,85,4,15,114,27,104,127|_G1823924]
  017		 15438.7098917110		[116,61,89,124,29,125,58,77,120,65,84,82,111,38,70,129,16,96,106,47,126,6,62,33,59,5,39,21,121,50,92,105,41,101,57,91,102,51,81,122,73,71,48,43,36,9,22,19,49,79,20,32,66,95,13,12,46,54,52,3,78,37,67,112,93,11,90,119,103,80,98,55,100,110,76,118,83,94,23,14,26,42,69,87,25,68,63,123,35,31,97,24,109,88,99,64,86,115,28,56,8,74,72,18,30,34,53,1,117,45,17,107,113,2,7,40,0,128,44,108,75,10,60,85,4,15,114,27,104,127|_G1824323]
  018		 15438.7098917110		[116,61,89,124,29,125,58,77,120,65,84,82,111,38,70,129,16,96,106,47,126,6,62,33,59,5,39,21,121,50,92,105,41,101,57,91,102,51,81,122,73,71,48,43,36,9,22,19,49,79,20,32,66,95,13,12,46,54,52,3,78,37,67,112,93,11,90,119,103,80,98,55,100,110,76,118,83,94,23,14,26,42,69,87,25,68,63,123,35,31,97,24,109,88,99,64,86,115,28,56,8,74,72,18,30,34,53,1,117,45,17,107,113,2,7,40,0,128,44,108,75,10,60,85,4,15,114,27,104,127|_G1824722]
  019		 15438.7098917110		[116,61,89,124,29,125,58,77,120,65,84,82,111,38,70,129,16,96,106,47,126,6,62,33,59,5,39,21,121,50,92,105,41,101,57,91,102,51,81,122,73,71,48,43,36,9,22,19,49,79,20,32,66,95,13,12,46,54,52,3,78,37,67,112,93,11,90,119,103,80,98,55,100,110,76,118,83,94,23,14,26,42,69,87,25,68,63,123,35,31,97,24,109,88,99,64,86,115,28,56,8,74,72,18,30,34,53,1,117,45,17,107,113,2,7,40,0,128,44,108,75,10,60,85,4,15,114,27,104,127|_G1825121]
  020		 15438.7098917110		[116,61,89,124,29,125,58,77,120,65,84,82,111,38,70,129,16,96,106,47,126,6,62,33,59,5,39,21,121,50,92,105,41,101,57,91,102,51,81,122,73,71,48,43,36,9,22,19,49,79,20,32,66,95,13,12,46,54,52,3,78,37,67,112,93,11,90,119,103,80,98,55,100,110,76,118,83,94,23,14,26,42,69,87,25,68,63,123,35,31,97,24,109,88,99,64,86,115,28,56,8,74,72,18,30,34,53,1,117,45,17,107,113,2,7,40,0,128,44,108,75,10,60,85,4,15,114,27,104,127|_G1825520]
  021		 15445.3772808412		[116,61,89,124,29,125,58,77,120,65,84,82,111,38,70,129,16,96,106,44,108,75,10,60,85,47,126,6,62,33,59,5,39,21,121,50,92,105,41,101,57,91,23,115,28,56,8,74,72,86,14,18,30,40,0,128,4,15,114,27,7,2,104,127,103,80,98,122,100,110,76,118,83,94,26,42,69,87,25,68,63,123,35,31,97,24,109,88,99,64,102,51,81,55,73,71,48,43,36,9,22,19,49,79,20,32,66,95,13,12,46,54,52,3,78,37,67,112,93,11,90,119,34,53,1,117,45,17,107,113|_G1825919]
  022		 15445.3772808412		[116,61,89,124,29,125,58,77,120,65,84,82,111,38,70,129,16,96,106,44,108,75,10,60,85,47,126,6,62,33,59,5,39,21,121,50,92,105,41,101,57,91,23,115,28,56,8,74,72,86,14,18,30,40,0,128,4,15,114,27,7,2,104,127,103,80,98,122,100,110,76,118,83,94,26,42,69,87,25,68,63,123,35,31,97,24,109,88,99,64,102,51,81,55,73,71,48,43,36,9,22,19,49,79,20,32,66,95,13,12,46,54,52,3,78,37,67,112,93,11,90,119,34,53,1,117,45,17,107,113|_G1826318]
  023		 15445.3772808412		[116,61,89,124,29,125,58,77,120,65,84,82,111,38,70,129,16,96,106,44,108,75,10,60,85,47,126,6,62,33,59,5,39,21,121,50,92,105,41,101,57,91,23,115,28,56,8,74,72,86,14,18,30,40,0,128,4,15,114,27,7,2,104,127,103,80,98,122,100,110,76,118,83,94,26,42,69,87,25,68,63,123,35,31,97,24,109,88,99,64,102,51,81,55,73,71,48,43,36,9,22,19,49,79,20,32,66,95,13,12,46,54,52,3,78,37,67,112,93,11,90,119,34,53,1,117,45,17,107,113|_G1826717]
  024		 15445.3772808412		[116,61,89,124,29,125,58,77,120,65,84,82,111,38,70,129,16,96,106,44,108,75,10,60,85,47,126,6,62,33,59,5,39,21,121,50,92,105,41,101,57,91,23,115,28,56,8,74,72,86,14,18,30,40,0,128,4,15,114,27,7,2,104,127,103,80,98,122,100,110,76,118,83,94,26,42,69,87,25,68,63,123,35,31,97,24,109,88,99,64,102,51,81,55,73,71,48,43,36,9,22,19,49,79,20,32,66,95,13,12,46,54,52,3,78,37,67,112,93,11,90,119,34,53,1,117,45,17,107,113|_G1827116]
  025		 15445.3772808412		[116,61,89,124,29,125,58,77,120,65,84,82,111,38,70,129,16,96,106,44,108,75,10,60,85,47,126,6,62,33,59,5,39,21,121,50,92,105,41,101,57,91,23,115,28,56,8,74,72,86,14,18,30,40,0,128,4,15,114,27,7,2,104,127,103,80,98,122,100,110,76,118,83,94,26,42,69,87,25,68,63,123,35,31,97,24,109,88,99,64,102,51,81,55,73,71,48,43,36,9,22,19,49,79,20,32,66,95,13,12,46,54,52,3,78,37,67,112,93,11,90,119,34,53,1,117,45,17,107,113|_G1827515]
  026		 15445.3772808412		[116,61,89,124,29,125,58,77,120,65,84,82,111,38,70,129,16,96,106,44,108,75,10,60,85,47,126,6,62,33,59,5,39,21,121,50,92,105,41,101,57,91,23,115,28,56,8,74,72,86,14,18,30,40,0,128,4,15,114,27,7,2,104,127,103,80,98,122,100,110,76,118,83,94,26,42,69,87,25,68,63,123,35,31,97,24,109,88,99,64,102,51,81,55,73,71,48,43,36,9,22,19,49,79,20,32,66,95,13,12,46,54,52,3,78,37,67,112,93,11,90,119,34,53,1,117,45,17,107,113|_G1827914]
  027		 15445.3772808412		[116,61,89,124,29,125,58,77,120,65,84,82,111,38,70,129,16,96,106,44,108,75,10,60,85,47,126,6,62,33,59,5,39,21,121,50,92,105,41,101,57,91,23,115,28,56,8,74,72,86,14,18,30,40,0,128,4,15,114,27,7,2,104,127,103,80,98,122,100,110,76,118,83,94,26,42,69,87,25,68,63,123,35,31,97,24,109,88,99,64,102,51,81,55,73,71,48,43,36,9,22,19,49,79,20,32,66,95,13,12,46,54,52,3,78,37,67,112,93,11,90,119,34,53,1,117,45,17,107,113|_G1828313]
  028		 15445.3772808412		[116,61,89,124,29,125,58,77,120,65,84,82,111,38,70,129,16,96,106,44,108,75,10,60,85,47,126,6,62,33,59,5,39,21,121,50,92,105,41,101,57,91,23,115,28,56,8,74,72,86,14,18,30,40,0,128,4,15,114,27,7,2,104,127,103,80,98,122,100,110,76,118,83,94,26,42,69,87,25,68,63,123,35,31,97,24,109,88,99,64,102,51,81,55,73,71,48,43,36,9,22,19,49,79,20,32,66,95,13,12,46,54,52,3,78,37,67,112,93,11,90,119,34,53,1,117,45,17,107,113|_G1828712]
  029		 15445.3772808412		[116,61,89,124,29,125,58,77,120,65,84,82,111,38,70,129,16,96,106,44,108,75,10,60,85,47,126,6,62,33,59,5,39,21,121,50,92,105,41,101,57,91,23,115,28,56,8,74,72,86,14,18,30,40,0,128,4,15,114,27,7,2,104,127,103,80,98,122,100,110,76,118,83,94,26,42,69,87,25,68,63,123,35,31,97,24,109,88,99,64,102,51,81,55,73,71,48,43,36,9,22,19,49,79,20,32,66,95,13,12,46,54,52,3,78,37,67,112,93,11,90,119,34,53,1,117,45,17,107,113|_G1829111]
  030		 15445.3772808412		[116,61,89,124,29,125,58,77,120,65,84,82,111,38,70,129,16,96,106,44,108,75,10,60,85,47,126,6,62,33,59,5,39,21,121,50,92,105,41,101,57,91,23,115,28,56,8,74,72,86,14,18,30,40,0,128,4,15,114,27,7,2,104,127,103,80,98,122,100,110,76,118,83,94,26,42,69,87,25,68,63,123,35,31,97,24,109,88,99,64,102,51,81,55,73,71,48,43,36,9,22,19,49,79,20,32,66,95,13,12,46,54,52,3,78,37,67,112,93,11,90,119,34,53,1,117,45,17,107,113|_G1829510]
  031		 15445.3772808412		[116,61,89,124,29,125,58,77,120,65,84,82,111,38,70,129,16,96,106,44,108,75,10,60,85,47,126,6,62,33,59,5,39,21,121,50,92,105,41,101,57,91,23,115,28,56,8,74,72,86,14,18,30,40,0,128,4,15,114,27,7,2,104,127,103,80,98,122,100,110,76,118,83,94,26,42,69,87,25,68,63,123,35,31,97,24,109,88,99,64,102,51,81,55,73,71,48,43,36,9,22,19,49,79,20,32,66,95,13,12,46,54,52,3,78,37,67,112,93,11,90,119,34,53,1,117,45,17,107,113|_G1829909]
  032		 15445.3772808412		[116,61,89,124,29,125,58,77,120,65,84,82,111,38,70,129,16,96,106,44,108,75,10,60,85,47,126,6,62,33,59,5,39,21,121,50,92,105,41,101,57,91,23,115,28,56,8,74,72,86,14,18,30,40,0,128,4,15,114,27,7,2,104,127,103,80,98,122,100,110,76,118,83,94,26,42,69,87,25,68,63,123,35,31,97,24,109,88,99,64,102,51,81,55,73,71,48,43,36,9,22,19,49,79,20,32,66,95,13,12,46,54,52,3,78,37,67,112,93,11,90,119,34,53,1,117,45,17,107,113|_G1830308]
  033		 15445.3772808412		[116,61,89,124,29,125,58,77,120,65,84,82,111,38,70,129,16,96,106,44,108,75,10,60,85,47,126,6,62,33,59,5,39,21,121,50,92,105,41,101,57,91,23,115,28,56,8,74,72,86,14,18,30,40,0,128,4,15,114,27,7,2,104,127,103,80,98,122,100,110,76,118,83,94,26,42,69,87,25,68,63,123,35,31,97,24,109,88,99,64,102,51,81,55,73,71,48,43,36,9,22,19,49,79,20,32,66,95,13,12,46,54,52,3,78,37,67,112,93,11,90,119,34,53,1,117,45,17,107,113|_G1830707]
  034		 15445.3772808412		[116,61,89,124,29,125,58,77,120,65,84,82,111,38,70,129,16,96,106,44,108,75,10,60,85,47,126,6,62,33,59,5,39,21,121,50,92,105,41,101,57,91,23,115,28,56,8,74,72,86,14,18,30,40,0,128,4,15,114,27,7,2,104,127,103,80,98,122,100,110,76,118,83,94,26,42,69,87,25,68,63,123,35,31,97,24,109,88,99,64,102,51,81,55,73,71,48,43,36,9,22,19,49,79,20,32,66,95,13,12,46,54,52,3,78,37,67,112,93,11,90,119,34,53,1,117,45,17,107,113|_G1831106]
  035		 15445.3772808412		[116,61,89,124,29,125,58,77,120,65,84,82,111,38,70,129,16,96,106,44,108,75,10,60,85,47,126,6,62,33,59,5,39,21,121,50,92,105,41,101,57,91,23,115,28,56,8,74,72,86,14,18,30,40,0,128,4,15,114,27,7,2,104,127,103,80,98,122,100,110,76,118,83,94,26,42,69,87,25,68,63,123,35,31,97,24,109,88,99,64,102,51,81,55,73,71,48,43,36,9,22,19,49,79,20,32,66,95,13,12,46,54,52,3,78,37,67,112,93,11,90,119,34,53,1,117,45,17,107,113|_G1831505]
  036		 15445.3772808412		[116,61,89,124,29,125,58,77,120,65,84,82,111,38,70,129,16,96,106,44,108,75,10,60,85,47,126,6,62,33,59,5,39,21,121,50,92,105,41,101,57,91,23,115,28,56,8,74,72,86,14,18,30,40,0,128,4,15,114,27,7,2,104,127,103,80,98,122,100,110,76,118,83,94,26,42,69,87,25,68,63,123,35,31,97,24,109,88,99,64,102,51,81,55,73,71,48,43,36,9,22,19,49,79,20,32,66,95,13,12,46,54,52,3,78,37,67,112,93,11,90,119,34,53,1,117,45,17,107,113|_G1831904]
  037		 15445.3772808412		[116,61,89,124,29,125,58,77,120,65,84,82,111,38,70,129,16,96,106,44,108,75,10,60,85,47,126,6,62,33,59,5,39,21,121,50,92,105,41,101,57,91,23,115,28,56,8,74,72,86,14,18,30,40,0,128,4,15,114,27,7,2,104,127,103,80,98,122,100,110,76,118,83,94,26,42,69,87,25,68,63,123,35,31,97,24,109,88,99,64,102,51,81,55,73,71,48,43,36,9,22,19,49,79,20,32,66,95,13,12,46,54,52,3,78,37,67,112,93,11,90,119,34,53,1,117,45,17,107,113|_G1832303]
  038		 15445.3772808412		[116,61,89,124,29,125,58,77,120,65,84,82,111,38,70,129,16,96,106,44,108,75,10,60,85,47,126,6,62,33,59,5,39,21,121,50,92,105,41,101,57,91,23,115,28,56,8,74,72,86,14,18,30,40,0,128,4,15,114,27,7,2,104,127,103,80,98,122,100,110,76,118,83,94,26,42,69,87,25,68,63,123,35,31,97,24,109,88,99,64,102,51,81,55,73,71,48,43,36,9,22,19,49,79,20,32,66,95,13,12,46,54,52,3,78,37,67,112,93,11,90,119,34,53,1,117,45,17,107,113|_G1832702]
  039		 15445.3772808412		[116,61,89,124,29,125,58,77,120,65,84,82,111,38,70,129,16,96,106,44,108,75,10,60,85,47,126,6,62,33,59,5,39,21,121,50,92,105,41,101,57,91,23,115,28,56,8,74,72,86,14,18,30,40,0,128,4,15,114,27,7,2,104,127,103,80,98,122,100,110,76,118,83,94,26,42,69,87,25,68,63,123,35,31,97,24,109,88,99,64,102,51,81,55,73,71,48,43,36,9,22,19,49,79,20,32,66,95,13,12,46,54,52,3,78,37,67,112,93,11,90,119,34,53,1,117,45,17,107,113|_G1833101]
  040		 15446.0414037561		[116,61,89,124,29,125,58,77,120,65,84,82,111,38,70,129,16,96,106,44,108,75,10,60,85,47,126,6,62,33,59,5,39,21,121,50,92,105,41,101,57,91,102,51,81,122,73,71,48,43,36,9,22,19,49,79,20,32,66,95,13,12,46,54,52,3,78,37,80,98,55,100,110,76,118,83,94,86,14,67,112,93,11,90,119,103,26,42,69,87,25,68,63,123,35,31,97,24,109,88,99,64,23,115,28,56,8,74,72,18,30,34,53,1,117,45,17,107,113,2,7,40,0,128,4,15,114,27,104,127|_G1833500]
  041		 15446.0414037561		[116,61,89,124,29,125,58,77,120,65,84,82,111,38,70,129,16,96,106,44,108,75,10,60,85,47,126,6,62,33,59,5,39,21,121,50,92,105,41,101,57,91,102,51,81,122,73,71,48,43,36,9,22,19,49,79,20,32,66,95,13,12,46,54,52,3,78,37,80,98,55,100,110,76,118,83,94,86,14,67,112,93,11,90,119,103,26,42,69,87,25,68,63,123,35,31,97,24,109,88,99,64,23,115,28,56,8,74,72,18,30,34,53,1,117,45,17,107,113,2,7,40,0,128,4,15,114,27,104,127|_G1833899]
  042		 15446.0414037561		[116,61,89,124,29,125,58,77,120,65,84,82,111,38,70,129,16,96,106,44,108,75,10,60,85,47,126,6,62,33,59,5,39,21,121,50,92,105,41,101,57,91,102,51,81,122,73,71,48,43,36,9,22,19,49,79,20,32,66,95,13,12,46,54,52,3,78,37,80,98,55,100,110,76,118,83,94,86,14,67,112,93,11,90,119,103,26,42,69,87,25,68,63,123,35,31,97,24,109,88,99,64,23,115,28,56,8,74,72,18,30,34,53,1,117,45,17,107,113,2,7,40,0,128,4,15,114,27,104,127|_G1834298]
  043		 15446.0414037561		[116,61,89,124,29,125,58,77,120,65,84,82,111,38,70,129,16,96,106,44,108,75,10,60,85,47,126,6,62,33,59,5,39,21,121,50,92,105,41,101,57,91,102,51,81,122,73,71,48,43,36,9,22,19,49,79,20,32,66,95,13,12,46,54,52,3,78,37,80,98,55,100,110,76,118,83,94,86,14,67,112,93,11,90,119,103,26,42,69,87,25,68,63,123,35,31,97,24,109,88,99,64,23,115,28,56,8,74,72,18,30,34,53,1,117,45,17,107,113,2,7,40,0,128,4,15,114,27,104,127|_G1834697]
  044		 15446.0414037561		[116,61,89,124,29,125,58,77,120,65,84,82,111,38,70,129,16,96,106,44,108,75,10,60,85,47,126,6,62,33,59,5,39,21,121,50,92,105,41,101,57,91,102,51,81,122,73,71,48,43,36,9,22,19,49,79,20,32,66,95,13,12,46,54,52,3,78,37,80,98,55,100,110,76,118,83,94,86,14,67,112,93,11,90,119,103,26,42,69,87,25,68,63,123,35,31,97,24,109,88,99,64,23,115,28,56,8,74,72,18,30,34,53,1,117,45,17,107,113,2,7,40,0,128,4,15,114,27,104,127|_G1835096]
  045		 15446.0414037561		[116,61,89,124,29,125,58,77,120,65,84,82,111,38,70,129,16,96,106,44,108,75,10,60,85,47,126,6,62,33,59,5,39,21,121,50,92,105,41,101,57,91,102,51,81,122,73,71,48,43,36,9,22,19,49,79,20,32,66,95,13,12,46,54,52,3,78,37,80,98,55,100,110,76,118,83,94,86,14,67,112,93,11,90,119,103,26,42,69,87,25,68,63,123,35,31,97,24,109,88,99,64,23,115,28,56,8,74,72,18,30,34,53,1,117,45,17,107,113,2,7,40,0,128,4,15,114,27,104,127|_G1835495]
  046		 15446.0414037561		[116,61,89,124,29,125,58,77,120,65,84,82,111,38,70,129,16,96,106,44,108,75,10,60,85,47,126,6,62,33,59,5,39,21,121,50,92,105,41,101,57,91,102,51,81,122,73,71,48,43,36,9,22,19,49,79,20,32,66,95,13,12,46,54,52,3,78,37,80,98,55,100,110,76,118,83,94,86,14,67,112,93,11,90,119,103,26,42,69,87,25,68,63,123,35,31,97,24,109,88,99,64,23,115,28,56,8,74,72,18,30,34,53,1,117,45,17,107,113,2,7,40,0,128,4,15,114,27,104,127|_G1835894]
  047		 15446.0414037561		[116,61,89,124,29,125,58,77,120,65,84,82,111,38,70,129,16,96,106,44,108,75,10,60,85,47,126,6,62,33,59,5,39,21,121,50,92,105,41,101,57,91,102,51,81,122,73,71,48,43,36,9,22,19,49,79,20,32,66,95,13,12,46,54,52,3,78,37,80,98,55,100,110,76,118,83,94,86,14,67,112,93,11,90,119,103,26,42,69,87,25,68,63,123,35,31,97,24,109,88,99,64,23,115,28,56,8,74,72,18,30,34,53,1,117,45,17,107,113,2,7,40,0,128,4,15,114,27,104,127|_G1836293]
  048		 15446.0414037561		[116,61,89,124,29,125,58,77,120,65,84,82,111,38,70,129,16,96,106,44,108,75,10,60,85,47,126,6,62,33,59,5,39,21,121,50,92,105,41,101,57,91,102,51,81,122,73,71,48,43,36,9,22,19,49,79,20,32,66,95,13,12,46,54,52,3,78,37,80,98,55,100,110,76,118,83,94,86,14,67,112,93,11,90,119,103,26,42,69,87,25,68,63,123,35,31,97,24,109,88,99,64,23,115,28,56,8,74,72,18,30,34,53,1,117,45,17,107,113,2,7,40,0,128,4,15,114,27,104,127|_G1836692]
  049		 15446.0414037561		[116,61,89,124,29,125,58,77,120,65,84,82,111,38,70,129,16,96,106,44,108,75,10,60,85,47,126,6,62,33,59,5,39,21,121,50,92,105,41,101,57,91,102,51,81,122,73,71,48,43,36,9,22,19,49,79,20,32,66,95,13,12,46,54,52,3,78,37,80,98,55,100,110,76,118,83,94,86,14,67,112,93,11,90,119,103,26,42,69,87,25,68,63,123,35,31,97,24,109,88,99,64,23,115,28,56,8,74,72,18,30,34,53,1,117,45,17,107,113,2,7,40,0,128,4,15,114,27,104,127|_G1837091]
  050		 15446.0414037561		[116,61,89,124,29,125,58,77,120,65,84,82,111,38,70,129,16,96,106,44,108,75,10,60,85,47,126,6,62,33,59,5,39,21,121,50,92,105,41,101,57,91,102,51,81,122,73,71,48,43,36,9,22,19,49,79,20,32,66,95,13,12,46,54,52,3,78,37,80,98,55,100,110,76,118,83,94,86,14,67,112,93,11,90,119,103,26,42,69,87,25,68,63,123,35,31,97,24,109,88,99,64,23,115,28,56,8,74,72,18,30,34,53,1,117,45,17,107,113,2,7,40,0,128,4,15,114,27,104,127|_G1837490]
  051		 15446.0414037561		[116,61,89,124,29,125,58,77,120,65,84,82,111,38,70,129,16,96,106,44,108,75,10,60,85,47,126,6,62,33,59,5,39,21,121,50,92,105,41,101,57,91,102,51,81,122,73,71,48,43,36,9,22,19,49,79,20,32,66,95,13,12,46,54,52,3,78,37,80,98,55,100,110,76,118,83,94,86,14,67,112,93,11,90,119,103,26,42,69,87,25,68,63,123,35,31,97,24,109,88,99,64,23,115,28,56,8,74,72,18,30,34,53,1,117,45,17,107,113,2,7,40,0,128,4,15,114,27,104,127|_G1837889]
  052		 15446.0414037561		[116,61,89,124,29,125,58,77,120,65,84,82,111,38,70,129,16,96,106,44,108,75,10,60,85,47,126,6,62,33,59,5,39,21,121,50,92,105,41,101,57,91,102,51,81,122,73,71,48,43,36,9,22,19,49,79,20,32,66,95,13,12,46,54,52,3,78,37,80,98,55,100,110,76,118,83,94,86,14,67,112,93,11,90,119,103,26,42,69,87,25,68,63,123,35,31,97,24,109,88,99,64,23,115,28,56,8,74,72,18,30,34,53,1,117,45,17,107,113,2,7,40,0,128,4,15,114,27,104,127|_G1838288]
  053		 15446.0414037561		[116,61,89,124,29,125,58,77,120,65,84,82,111,38,70,129,16,96,106,44,108,75,10,60,85,47,126,6,62,33,59,5,39,21,121,50,92,105,41,101,57,91,102,51,81,122,73,71,48,43,36,9,22,19,49,79,20,32,66,95,13,12,46,54,52,3,78,37,80,98,55,100,110,76,118,83,94,86,14,67,112,93,11,90,119,103,26,42,69,87,25,68,63,123,35,31,97,24,109,88,99,64,23,115,28,56,8,74,72,18,30,34,53,1,117,45,17,107,113,2,7,40,0,128,4,15,114,27,104,127|_G1838687]
  054		 15446.0414037561		[116,61,89,124,29,125,58,77,120,65,84,82,111,38,70,129,16,96,106,44,108,75,10,60,85,47,126,6,62,33,59,5,39,21,121,50,92,105,41,101,57,91,102,51,81,122,73,71,48,43,36,9,22,19,49,79,20,32,66,95,13,12,46,54,52,3,78,37,80,98,55,100,110,76,118,83,94,86,14,67,112,93,11,90,119,103,26,42,69,87,25,68,63,123,35,31,97,24,109,88,99,64,23,115,28,56,8,74,72,18,30,34,53,1,117,45,17,107,113,2,7,40,0,128,4,15,114,27,104,127|_G1839086]
  055		 15446.0414037561		[116,61,89,124,29,125,58,77,120,65,84,82,111,38,70,129,16,96,106,44,108,75,10,60,85,47,126,6,62,33,59,5,39,21,121,50,92,105,41,101,57,91,102,51,81,122,73,71,48,43,36,9,22,19,49,79,20,32,66,95,13,12,46,54,52,3,78,37,80,98,55,100,110,76,118,83,94,86,14,67,112,93,11,90,119,103,26,42,69,87,25,68,63,123,35,31,97,24,109,88,99,64,23,115,28,56,8,74,72,18,30,34,53,1,117,45,17,107,113,2,7,40,0,128,4,15,114,27,104,127|_G1839485]
  056		 15446.0414037561		[116,61,89,124,29,125,58,77,120,65,84,82,111,38,70,129,16,96,106,44,108,75,10,60,85,47,126,6,62,33,59,5,39,21,121,50,92,105,41,101,57,91,102,51,81,122,73,71,48,43,36,9,22,19,49,79,20,32,66,95,13,12,46,54,52,3,78,37,80,98,55,100,110,76,118,83,94,86,14,67,112,93,11,90,119,103,26,42,69,87,25,68,63,123,35,31,97,24,109,88,99,64,23,115,28,56,8,74,72,18,30,34,53,1,117,45,17,107,113,2,7,40,0,128,4,15,114,27,104,127|_G1839884]
  057		 15446.0414037561		[116,61,89,124,29,125,58,77,120,65,84,82,111,38,70,129,16,96,106,44,108,75,10,60,85,47,126,6,62,33,59,5,39,21,121,50,92,105,41,101,57,91,102,51,81,122,73,71,48,43,36,9,22,19,49,79,20,32,66,95,13,12,46,54,52,3,78,37,80,98,55,100,110,76,118,83,94,86,14,67,112,93,11,90,119,103,26,42,69,87,25,68,63,123,35,31,97,24,109,88,99,64,23,115,28,56,8,74,72,18,30,34,53,1,117,45,17,107,113,2,7,40,0,128,4,15,114,27,104,127|_G1840283]
  058		 15446.0414037561		[116,61,89,124,29,125,58,77,120,65,84,82,111,38,70,129,16,96,106,44,108,75,10,60,85,47,126,6,62,33,59,5,39,21,121,50,92,105,41,101,57,91,102,51,81,122,73,71,48,43,36,9,22,19,49,79,20,32,66,95,13,12,46,54,52,3,78,37,80,98,55,100,110,76,118,83,94,86,14,67,112,93,11,90,119,103,26,42,69,87,25,68,63,123,35,31,97,24,109,88,99,64,23,115,28,56,8,74,72,18,30,34,53,1,117,45,17,107,113,2,7,40,0,128,4,15,114,27,104,127|_G1840682]
  059		 15446.0414037561		[116,61,89,124,29,125,58,77,120,65,84,82,111,38,70,129,16,96,106,44,108,75,10,60,85,47,126,6,62,33,59,5,39,21,121,50,92,105,41,101,57,91,102,51,81,122,73,71,48,43,36,9,22,19,49,79,20,32,66,95,13,12,46,54,52,3,78,37,80,98,55,100,110,76,118,83,94,86,14,67,112,93,11,90,119,103,26,42,69,87,25,68,63,123,35,31,97,24,109,88,99,64,23,115,28,56,8,74,72,18,30,34,53,1,117,45,17,107,113,2,7,40,0,128,4,15,114,27,104,127|_G1841081]
  060		 15446.0414037561		[116,61,89,124,29,125,58,77,120,65,84,82,111,38,70,129,16,96,106,44,108,75,10,60,85,47,126,6,62,33,59,5,39,21,121,50,92,105,41,101,57,91,102,51,81,122,73,71,48,43,36,9,22,19,49,79,20,32,66,95,13,12,46,54,52,3,78,37,80,98,55,100,110,76,118,83,94,86,14,67,112,93,11,90,119,103,26,42,69,87,25,68,63,123,35,31,97,24,109,88,99,64,23,115,28,56,8,74,72,18,30,34,53,1,117,45,17,107,113,2,7,40,0,128,4,15,114,27,104,127|_G1841480]
  061		 15446.0414037561		[116,61,89,124,29,125,58,77,120,65,84,82,111,38,70,129,16,96,106,44,108,75,10,60,85,47,126,6,62,33,59,5,39,21,121,50,92,105,41,101,57,91,102,51,81,122,73,71,48,43,36,9,22,19,49,79,20,32,66,95,13,12,46,54,52,3,78,37,80,98,55,100,110,76,118,83,94,86,14,67,112,93,11,90,119,103,26,42,69,87,25,68,63,123,35,31,97,24,109,88,99,64,23,115,28,56,8,74,72,18,30,34,53,1,117,45,17,107,113,2,7,40,0,128,4,15,114,27,104,127|_G1841879]
  062		 15446.0414037561		[116,61,89,124,29,125,58,77,120,65,84,82,111,38,70,129,16,96,106,44,108,75,10,60,85,47,126,6,62,33,59,5,39,21,121,50,92,105,41,101,57,91,102,51,81,122,73,71,48,43,36,9,22,19,49,79,20,32,66,95,13,12,46,54,52,3,78,37,80,98,55,100,110,76,118,83,94,86,14,67,112,93,11,90,119,103,26,42,69,87,25,68,63,123,35,31,97,24,109,88,99,64,23,115,28,56,8,74,72,18,30,34,53,1,117,45,17,107,113,2,7,40,0,128,4,15,114,27,104,127|_G1842278]
  063		 15446.0414037561		[116,61,89,124,29,125,58,77,120,65,84,82,111,38,70,129,16,96,106,44,108,75,10,60,85,47,126,6,62,33,59,5,39,21,121,50,92,105,41,101,57,91,102,51,81,122,73,71,48,43,36,9,22,19,49,79,20,32,66,95,13,12,46,54,52,3,78,37,80,98,55,100,110,76,118,83,94,86,14,67,112,93,11,90,119,103,26,42,69,87,25,68,63,123,35,31,97,24,109,88,99,64,23,115,28,56,8,74,72,18,30,34,53,1,117,45,17,107,113,2,7,40,0,128,4,15,114,27,104,127|_G1842677]
  064		 15446.0414037561		[116,61,89,124,29,125,58,77,120,65,84,82,111,38,70,129,16,96,106,44,108,75,10,60,85,47,126,6,62,33,59,5,39,21,121,50,92,105,41,101,57,91,102,51,81,122,73,71,48,43,36,9,22,19,49,79,20,32,66,95,13,12,46,54,52,3,78,37,80,98,55,100,110,76,118,83,94,86,14,67,112,93,11,90,119,103,26,42,69,87,25,68,63,123,35,31,97,24,109,88,99,64,23,115,28,56,8,74,72,18,30,34,53,1,117,45,17,107,113,2,7,40,0,128,4,15,114,27,104,127|_G1843076]
  065		 15446.0414037561		[116,61,89,124,29,125,58,77,120,65,84,82,111,38,70,129,16,96,106,44,108,75,10,60,85,47,126,6,62,33,59,5,39,21,121,50,92,105,41,101,57,91,102,51,81,122,73,71,48,43,36,9,22,19,49,79,20,32,66,95,13,12,46,54,52,3,78,37,80,98,55,100,110,76,118,83,94,86,14,67,112,93,11,90,119,103,26,42,69,87,25,68,63,123,35,31,97,24,109,88,99,64,23,115,28,56,8,74,72,18,30,34,53,1,117,45,17,107,113,2,7,40,0,128,4,15,114,27,104,127|_G1843475]
  066		 15446.0414037561		[116,61,89,124,29,125,58,77,120,65,84,82,111,38,70,129,16,96,106,44,108,75,10,60,85,47,126,6,62,33,59,5,39,21,121,50,92,105,41,101,57,91,102,51,81,122,73,71,48,43,36,9,22,19,49,79,20,32,66,95,13,12,46,54,52,3,78,37,80,98,55,100,110,76,118,83,94,86,14,67,112,93,11,90,119,103,26,42,69,87,25,68,63,123,35,31,97,24,109,88,99,64,23,115,28,56,8,74,72,18,30,34,53,1,117,45,17,107,113,2,7,40,0,128,4,15,114,27,104,127|_G1843874]
  067		 15446.0414037561		[116,61,89,124,29,125,58,77,120,65,84,82,111,38,70,129,16,96,106,44,108,75,10,60,85,47,126,6,62,33,59,5,39,21,121,50,92,105,41,101,57,91,102,51,81,122,73,71,48,43,36,9,22,19,49,79,20,32,66,95,13,12,46,54,52,3,78,37,80,98,55,100,110,76,118,83,94,86,14,67,112,93,11,90,119,103,26,42,69,87,25,68,63,123,35,31,97,24,109,88,99,64,23,115,28,56,8,74,72,18,30,34,53,1,117,45,17,107,113,2,7,40,0,128,4,15,114,27,104,127|_G1844273]
  068		 15446.0414037561		[116,61,89,124,29,125,58,77,120,65,84,82,111,38,70,129,16,96,106,44,108,75,10,60,85,47,126,6,62,33,59,5,39,21,121,50,92,105,41,101,57,91,102,51,81,122,73,71,48,43,36,9,22,19,49,79,20,32,66,95,13,12,46,54,52,3,78,37,80,98,55,100,110,76,118,83,94,86,14,67,112,93,11,90,119,103,26,42,69,87,25,68,63,123,35,31,97,24,109,88,99,64,23,115,28,56,8,74,72,18,30,34,53,1,117,45,17,107,113,2,7,40,0,128,4,15,114,27,104,127|_G1844672]
  069		 15446.0414037561		[116,61,89,124,29,125,58,77,120,65,84,82,111,38,70,129,16,96,106,44,108,75,10,60,85,47,126,6,62,33,59,5,39,21,121,50,92,105,41,101,57,91,102,51,81,122,73,71,48,43,36,9,22,19,49,79,20,32,66,95,13,12,46,54,52,3,78,37,80,98,55,100,110,76,118,83,94,86,14,67,112,93,11,90,119,103,26,42,69,87,25,68,63,123,35,31,97,24,109,88,99,64,23,115,28,56,8,74,72,18,30,34,53,1,117,45,17,107,113,2,7,40,0,128,4,15,114,27,104,127|_G1845071]
  070		 15446.0414037561		[116,61,89,124,29,125,58,77,120,65,84,82,111,38,70,129,16,96,106,44,108,75,10,60,85,47,126,6,62,33,59,5,39,21,121,50,92,105,41,101,57,91,102,51,81,122,73,71,48,43,36,9,22,19,49,79,20,32,66,95,13,12,46,54,52,3,78,37,80,98,55,100,110,76,118,83,94,86,14,67,112,93,11,90,119,103,26,42,69,87,25,68,63,123,35,31,97,24,109,88,99,64,23,115,28,56,8,74,72,18,30,34,53,1,117,45,17,107,113,2,7,40,0,128,4,15,114,27,104,127|_G1845470]
  071		 15446.0414037561		[116,61,89,124,29,125,58,77,120,65,84,82,111,38,70,129,16,96,106,44,108,75,10,60,85,47,126,6,62,33,59,5,39,21,121,50,92,105,41,101,57,91,102,51,81,122,73,71,48,43,36,9,22,19,49,79,20,32,66,95,13,12,46,54,52,3,78,37,80,98,55,100,110,76,118,83,94,86,14,67,112,93,11,90,119,103,26,42,69,87,25,68,63,123,35,31,97,24,109,88,99,64,23,115,28,56,8,74,72,18,30,34,53,1,117,45,17,107,113,2,7,40,0,128,4,15,114,27,104,127|_G1845869]
  072		 15446.0414037561		[116,61,89,124,29,125,58,77,120,65,84,82,111,38,70,129,16,96,106,44,108,75,10,60,85,47,126,6,62,33,59,5,39,21,121,50,92,105,41,101,57,91,102,51,81,122,73,71,48,43,36,9,22,19,49,79,20,32,66,95,13,12,46,54,52,3,78,37,80,98,55,100,110,76,118,83,94,86,14,67,112,93,11,90,119,103,26,42,69,87,25,68,63,123,35,31,97,24,109,88,99,64,23,115,28,56,8,74,72,18,30,34,53,1,117,45,17,107,113,2,7,40,0,128,4,15,114,27,104,127|_G1846268]
  073		 15446.0414037561		[116,61,89,124,29,125,58,77,120,65,84,82,111,38,70,129,16,96,106,44,108,75,10,60,85,47,126,6,62,33,59,5,39,21,121,50,92,105,41,101,57,91,102,51,81,122,73,71,48,43,36,9,22,19,49,79,20,32,66,95,13,12,46,54,52,3,78,37,80,98,55,100,110,76,118,83,94,86,14,67,112,93,11,90,119,103,26,42,69,87,25,68,63,123,35,31,97,24,109,88,99,64,23,115,28,56,8,74,72,18,30,34,53,1,117,45,17,107,113,2,7,40,0,128,4,15,114,27,104,127|_G1846667]
  074		 15446.0414037561		[116,61,89,124,29,125,58,77,120,65,84,82,111,38,70,129,16,96,106,44,108,75,10,60,85,47,126,6,62,33,59,5,39,21,121,50,92,105,41,101,57,91,102,51,81,122,73,71,48,43,36,9,22,19,49,79,20,32,66,95,13,12,46,54,52,3,78,37,80,98,55,100,110,76,118,83,94,86,14,67,112,93,11,90,119,103,26,42,69,87,25,68,63,123,35,31,97,24,109,88,99,64,23,115,28,56,8,74,72,18,30,34,53,1,117,45,17,107,113,2,7,40,0,128,4,15,114,27,104,127|_G1847066]
  075		 15446.0414037561		[116,61,89,124,29,125,58,77,120,65,84,82,111,38,70,129,16,96,106,44,108,75,10,60,85,47,126,6,62,33,59,5,39,21,121,50,92,105,41,101,57,91,102,51,81,122,73,71,48,43,36,9,22,19,49,79,20,32,66,95,13,12,46,54,52,3,78,37,80,98,55,100,110,76,118,83,94,86,14,67,112,93,11,90,119,103,26,42,69,87,25,68,63,123,35,31,97,24,109,88,99,64,23,115,28,56,8,74,72,18,30,34,53,1,117,45,17,107,113,2,7,40,0,128,4,15,114,27,104,127|_G1847465]
  076		 15446.0414037561		[116,61,89,124,29,125,58,77,120,65,84,82,111,38,70,129,16,96,106,44,108,75,10,60,85,47,126,6,62,33,59,5,39,21,121,50,92,105,41,101,57,91,102,51,81,122,73,71,48,43,36,9,22,19,49,79,20,32,66,95,13,12,46,54,52,3,78,37,80,98,55,100,110,76,118,83,94,86,14,67,112,93,11,90,119,103,26,42,69,87,25,68,63,123,35,31,97,24,109,88,99,64,23,115,28,56,8,74,72,18,30,34,53,1,117,45,17,107,113,2,7,40,0,128,4,15,114,27,104,127|_G1847864]
  077		 15446.0414037561		[116,61,89,124,29,125,58,77,120,65,84,82,111,38,70,129,16,96,106,44,108,75,10,60,85,47,126,6,62,33,59,5,39,21,121,50,92,105,41,101,57,91,102,51,81,122,73,71,48,43,36,9,22,19,49,79,20,32,66,95,13,12,46,54,52,3,78,37,80,98,55,100,110,76,118,83,94,86,14,67,112,93,11,90,119,103,26,42,69,87,25,68,63,123,35,31,97,24,109,88,99,64,23,115,28,56,8,74,72,18,30,34,53,1,117,45,17,107,113,2,7,40,0,128,4,15,114,27,104,127|_G1848263]
  078		 15446.0414037561		[116,61,89,124,29,125,58,77,120,65,84,82,111,38,70,129,16,96,106,44,108,75,10,60,85,47,126,6,62,33,59,5,39,21,121,50,92,105,41,101,57,91,102,51,81,122,73,71,48,43,36,9,22,19,49,79,20,32,66,95,13,12,46,54,52,3,78,37,80,98,55,100,110,76,118,83,94,86,14,67,112,93,11,90,119,103,26,42,69,87,25,68,63,123,35,31,97,24,109,88,99,64,23,115,28,56,8,74,72,18,30,34,53,1,117,45,17,107,113,2,7,40,0,128,4,15,114,27,104,127|_G1848662]
  079		 15446.0414037561		[116,61,89,124,29,125,58,77,120,65,84,82,111,38,70,129,16,96,106,44,108,75,10,60,85,47,126,6,62,33,59,5,39,21,121,50,92,105,41,101,57,91,102,51,81,122,73,71,48,43,36,9,22,19,49,79,20,32,66,95,13,12,46,54,52,3,78,37,80,98,55,100,110,76,118,83,94,86,14,67,112,93,11,90,119,103,26,42,69,87,25,68,63,123,35,31,97,24,109,88,99,64,23,115,28,56,8,74,72,18,30,34,53,1,117,45,17,107,113,2,7,40,0,128,4,15,114,27,104,127|_G1849061]
  080		 15446.0414037561		[116,61,89,124,29,125,58,77,120,65,84,82,111,38,70,129,16,96,106,44,108,75,10,60,85,47,126,6,62,33,59,5,39,21,121,50,92,105,41,101,57,91,102,51,81,122,73,71,48,43,36,9,22,19,49,79,20,32,66,95,13,12,46,54,52,3,78,37,80,98,55,100,110,76,118,83,94,86,14,67,112,93,11,90,119,103,26,42,69,87,25,68,63,123,35,31,97,24,109,88,99,64,23,115,28,56,8,74,72,18,30,34,53,1,117,45,17,107,113,2,7,40,0,128,4,15,114,27,104,127|_G1849460]
  081		 15446.0414037561		[116,61,89,124,29,125,58,77,120,65,84,82,111,38,70,129,16,96,106,44,108,75,10,60,85,47,126,6,62,33,59,5,39,21,121,50,92,105,41,101,57,91,102,51,81,122,73,71,48,43,36,9,22,19,49,79,20,32,66,95,13,12,46,54,52,3,78,37,80,98,55,100,110,76,118,83,94,86,14,67,112,93,11,90,119,103,26,42,69,87,25,68,63,123,35,31,97,24,109,88,99,64,23,115,28,56,8,74,72,18,30,34,53,1,117,45,17,107,113,2,7,40,0,128,4,15,114,27,104,127|_G1849859]
  082		 15446.0414037561		[116,61,89,124,29,125,58,77,120,65,84,82,111,38,70,129,16,96,106,44,108,75,10,60,85,47,126,6,62,33,59,5,39,21,121,50,92,105,41,101,57,91,102,51,81,122,73,71,48,43,36,9,22,19,49,79,20,32,66,95,13,12,46,54,52,3,78,37,80,98,55,100,110,76,118,83,94,86,14,67,112,93,11,90,119,103,26,42,69,87,25,68,63,123,35,31,97,24,109,88,99,64,23,115,28,56,8,74,72,18,30,34,53,1,117,45,17,107,113,2,7,40,0,128,4,15,114,27,104,127|_G1850258]
  083		 15446.0414037561		[116,61,89,124,29,125,58,77,120,65,84,82,111,38,70,129,16,96,106,44,108,75,10,60,85,47,126,6,62,33,59,5,39,21,121,50,92,105,41,101,57,91,102,51,81,122,73,71,48,43,36,9,22,19,49,79,20,32,66,95,13,12,46,54,52,3,78,37,80,98,55,100,110,76,118,83,94,86,14,67,112,93,11,90,119,103,26,42,69,87,25,68,63,123,35,31,97,24,109,88,99,64,23,115,28,56,8,74,72,18,30,34,53,1,117,45,17,107,113,2,7,40,0,128,4,15,114,27,104,127|_G1850657]
  084		 15446.0414037561		[116,61,89,124,29,125,58,77,120,65,84,82,111,38,70,129,16,96,106,44,108,75,10,60,85,47,126,6,62,33,59,5,39,21,121,50,92,105,41,101,57,91,102,51,81,122,73,71,48,43,36,9,22,19,49,79,20,32,66,95,13,12,46,54,52,3,78,37,80,98,55,100,110,76,118,83,94,86,14,67,112,93,11,90,119,103,26,42,69,87,25,68,63,123,35,31,97,24,109,88,99,64,23,115,28,56,8,74,72,18,30,34,53,1,117,45,17,107,113,2,7,40,0,128,4,15,114,27,104,127|_G1851056]
  085		 15446.0414037561		[116,61,89,124,29,125,58,77,120,65,84,82,111,38,70,129,16,96,106,44,108,75,10,60,85,47,126,6,62,33,59,5,39,21,121,50,92,105,41,101,57,91,102,51,81,122,73,71,48,43,36,9,22,19,49,79,20,32,66,95,13,12,46,54,52,3,78,37,80,98,55,100,110,76,118,83,94,86,14,67,112,93,11,90,119,103,26,42,69,87,25,68,63,123,35,31,97,24,109,88,99,64,23,115,28,56,8,74,72,18,30,34,53,1,117,45,17,107,113,2,7,40,0,128,4,15,114,27,104,127|_G1851455]
  086		 15446.0414037561		[116,61,89,124,29,125,58,77,120,65,84,82,111,38,70,129,16,96,106,44,108,75,10,60,85,47,126,6,62,33,59,5,39,21,121,50,92,105,41,101,57,91,102,51,81,122,73,71,48,43,36,9,22,19,49,79,20,32,66,95,13,12,46,54,52,3,78,37,80,98,55,100,110,76,118,83,94,86,14,67,112,93,11,90,119,103,26,42,69,87,25,68,63,123,35,31,97,24,109,88,99,64,23,115,28,56,8,74,72,18,30,34,53,1,117,45,17,107,113,2,7,40,0,128,4,15,114,27,104,127|_G1851854]
  087		 15446.0414037561		[116,61,89,124,29,125,58,77,120,65,84,82,111,38,70,129,16,96,106,44,108,75,10,60,85,47,126,6,62,33,59,5,39,21,121,50,92,105,41,101,57,91,102,51,81,122,73,71,48,43,36,9,22,19,49,79,20,32,66,95,13,12,46,54,52,3,78,37,80,98,55,100,110,76,118,83,94,86,14,67,112,93,11,90,119,103,26,42,69,87,25,68,63,123,35,31,97,24,109,88,99,64,23,115,28,56,8,74,72,18,30,34,53,1,117,45,17,107,113,2,7,40,0,128,4,15,114,27,104,127|_G1852253]
  088		 15446.0414037561		[116,61,89,124,29,125,58,77,120,65,84,82,111,38,70,129,16,96,106,44,108,75,10,60,85,47,126,6,62,33,59,5,39,21,121,50,92,105,41,101,57,91,102,51,81,122,73,71,48,43,36,9,22,19,49,79,20,32,66,95,13,12,46,54,52,3,78,37,80,98,55,100,110,76,118,83,94,86,14,67,112,93,11,90,119,103,26,42,69,87,25,68,63,123,35,31,97,24,109,88,99,64,23,115,28,56,8,74,72,18,30,34,53,1,117,45,17,107,113,2,7,40,0,128,4,15,114,27,104,127|_G1852652]
  089		 15446.0414037561		[116,61,89,124,29,125,58,77,120,65,84,82,111,38,70,129,16,96,106,44,108,75,10,60,85,47,126,6,62,33,59,5,39,21,121,50,92,105,41,101,57,91,102,51,81,122,73,71,48,43,36,9,22,19,49,79,20,32,66,95,13,12,46,54,52,3,78,37,80,98,55,100,110,76,118,83,94,86,14,67,112,93,11,90,119,103,26,42,69,87,25,68,63,123,35,31,97,24,109,88,99,64,23,115,28,56,8,74,72,18,30,34,53,1,117,45,17,107,113,2,7,40,0,128,4,15,114,27,104,127|_G1853051]
  090		 15446.0414037561		[116,61,89,124,29,125,58,77,120,65,84,82,111,38,70,129,16,96,106,44,108,75,10,60,85,47,126,6,62,33,59,5,39,21,121,50,92,105,41,101,57,91,102,51,81,122,73,71,48,43,36,9,22,19,49,79,20,32,66,95,13,12,46,54,52,3,78,37,80,98,55,100,110,76,118,83,94,86,14,67,112,93,11,90,119,103,26,42,69,87,25,68,63,123,35,31,97,24,109,88,99,64,23,115,28,56,8,74,72,18,30,34,53,1,117,45,17,107,113,2,7,40,0,128,4,15,114,27,104,127|_G1853450]
  091		 15446.0414037561		[116,61,89,124,29,125,58,77,120,65,84,82,111,38,70,129,16,96,106,44,108,75,10,60,85,47,126,6,62,33,59,5,39,21,121,50,92,105,41,101,57,91,102,51,81,122,73,71,48,43,36,9,22,19,49,79,20,32,66,95,13,12,46,54,52,3,78,37,80,98,55,100,110,76,118,83,94,86,14,67,112,93,11,90,119,103,26,42,69,87,25,68,63,123,35,31,97,24,109,88,99,64,23,115,28,56,8,74,72,18,30,34,53,1,117,45,17,107,113,2,7,40,0,128,4,15,114,27,104,127|_G1853849]
  092		 15446.0414037561		[116,61,89,124,29,125,58,77,120,65,84,82,111,38,70,129,16,96,106,44,108,75,10,60,85,47,126,6,62,33,59,5,39,21,121,50,92,105,41,101,57,91,102,51,81,122,73,71,48,43,36,9,22,19,49,79,20,32,66,95,13,12,46,54,52,3,78,37,80,98,55,100,110,76,118,83,94,86,14,67,112,93,11,90,119,103,26,42,69,87,25,68,63,123,35,31,97,24,109,88,99,64,23,115,28,56,8,74,72,18,30,34,53,1,117,45,17,107,113,2,7,40,0,128,4,15,114,27,104,127|_G1854248]
  093		 15446.0414037561		[116,61,89,124,29,125,58,77,120,65,84,82,111,38,70,129,16,96,106,44,108,75,10,60,85,47,126,6,62,33,59,5,39,21,121,50,92,105,41,101,57,91,102,51,81,122,73,71,48,43,36,9,22,19,49,79,20,32,66,95,13,12,46,54,52,3,78,37,80,98,55,100,110,76,118,83,94,86,14,67,112,93,11,90,119,103,26,42,69,87,25,68,63,123,35,31,97,24,109,88,99,64,23,115,28,56,8,74,72,18,30,34,53,1,117,45,17,107,113,2,7,40,0,128,4,15,114,27,104,127|_G1854647]
  094		 15446.0414037561		[116,61,89,124,29,125,58,77,120,65,84,82,111,38,70,129,16,96,106,44,108,75,10,60,85,47,126,6,62,33,59,5,39,21,121,50,92,105,41,101,57,91,102,51,81,122,73,71,48,43,36,9,22,19,49,79,20,32,66,95,13,12,46,54,52,3,78,37,80,98,55,100,110,76,118,83,94,86,14,67,112,93,11,90,119,103,26,42,69,87,25,68,63,123,35,31,97,24,109,88,99,64,23,115,28,56,8,74,72,18,30,34,53,1,117,45,17,107,113,2,7,40,0,128,4,15,114,27,104,127|_G1855046]
  095		 15446.0414037561		[116,61,89,124,29,125,58,77,120,65,84,82,111,38,70,129,16,96,106,44,108,75,10,60,85,47,126,6,62,33,59,5,39,21,121,50,92,105,41,101,57,91,102,51,81,122,73,71,48,43,36,9,22,19,49,79,20,32,66,95,13,12,46,54,52,3,78,37,80,98,55,100,110,76,118,83,94,86,14,67,112,93,11,90,119,103,26,42,69,87,25,68,63,123,35,31,97,24,109,88,99,64,23,115,28,56,8,74,72,18,30,34,53,1,117,45,17,107,113,2,7,40,0,128,4,15,114,27,104,127|_G1855445]
  096		 15446.0414037561		[116,61,89,124,29,125,58,77,120,65,84,82,111,38,70,129,16,96,106,44,108,75,10,60,85,47,126,6,62,33,59,5,39,21,121,50,92,105,41,101,57,91,102,51,81,122,73,71,48,43,36,9,22,19,49,79,20,32,66,95,13,12,46,54,52,3,78,37,80,98,55,100,110,76,118,83,94,86,14,67,112,93,11,90,119,103,26,42,69,87,25,68,63,123,35,31,97,24,109,88,99,64,23,115,28,56,8,74,72,18,30,34,53,1,117,45,17,107,113,2,7,40,0,128,4,15,114,27,104,127|_G1855844]
  097		 15446.0414037561		[116,61,89,124,29,125,58,77,120,65,84,82,111,38,70,129,16,96,106,44,108,75,10,60,85,47,126,6,62,33,59,5,39,21,121,50,92,105,41,101,57,91,102,51,81,122,73,71,48,43,36,9,22,19,49,79,20,32,66,95,13,12,46,54,52,3,78,37,80,98,55,100,110,76,118,83,94,86,14,67,112,93,11,90,119,103,26,42,69,87,25,68,63,123,35,31,97,24,109,88,99,64,23,115,28,56,8,74,72,18,30,34,53,1,117,45,17,107,113,2,7,40,0,128,4,15,114,27,104,127|_G1855844]
  098		 15446.0414037561		[116,61,89,124,29,125,58,77,120,65,84,82,111,38,70,129,16,96,106,44,108,75,10,60,85,47,126,6,62,33,59,5,39,21,121,50,92,105,41,101,57,91,102,51,81,122,73,71,48,43,36,9,22,19,49,79,20,32,66,95,13,12,46,54,52,3,78,37,80,98,55,100,110,76,118,83,94,86,14,67,112,93,11,90,119,103,26,42,69,87,25,68,63,123,35,31,97,24,109,88,99,64,23,115,28,56,8,74,72,18,30,34,53,1,117,45,17,107,113,2,7,40,0,128,4,15,114,27,104,127|_G1855844]
  099		 15446.0414037561		[116,61,89,124,29,125,58,77,120,65,84,82,111,38,70,129,16,96,106,44,108,75,10,60,85,47,126,6,62,33,59,5,39,21,121,50,92,105,41,101,57,91,102,51,81,122,73,71,48,43,36,9,22,19,49,79,20,32,66,95,13,12,46,54,52,3,78,37,80,98,55,100,110,76,118,83,94,86,14,67,112,93,11,90,119,103,26,42,69,87,25,68,63,123,35,31,97,24,109,88,99,64,23,115,28,56,8,74,72,18,30,34,53,1,117,45,17,107,113,2,7,40,0,128,4,15,114,27,104,127|_G1855844]
  100		 15446.0414037561		[116,61,89,124,29,125,58,77,120,65,84,82,111,38,70,129,16,96,106,44,108,75,10,60,85,47,126,6,62,33,59,5,39,21,121,50,92,105,41,101,57,91,102,51,81,122,73,71,48,43,36,9,22,19,49,79,20,32,66,95,13,12,46,54,52,3,78,37,80,98,55,100,110,76,118,83,94,86,14,67,112,93,11,90,119,103,26,42,69,87,25,68,63,123,35,31,97,24,109,88,99,64,23,115,28,56,8,74,72,18,30,34,53,1,117,45,17,107,113,2,7,40,0,128,4,15,114,27,104,127|_G1855844]
=================================================================================================================================================================== 
