=================================================================================================================================================================== 
                                                         Resultados Algoritmo Genético Caixeiro Viajante                                                           
=================================================================================================================================================================== 
                                                                            Parâmetros                                                                             
------------------------------------------------------------------------------------------------------------------------------------------------------------------- 
	Data =  31/03/2015 16:25:44 	Tempo de execução =  693.893s 	Tamanho da população =  200 	Número de gerações =  2000

	Taxa de migração =  10.00% 		Limite de erro =  122200 			Limite do Torneio em Habitat =  100.00

=================================================================================================================================================================== 
                                                                            Soluções                                                                              
Posição  		Distância                                                              Trajeto                                                              
------------------------------------------------------------------------------------------------------------------------------------------------------------------- 
  001		 8109.8129678267		[115,37,91,98,72,73,51,74,64,80,102,8,56,55,81,100,110,122,118,112,97,109,128,60,123,63,68,85,87,25,6,96,69,62,106,126,0,44,75,108,10,4,15,127,104,61,111,38,40,79,45,3,41,59,43,120,77,89,124,84,65,58,29,82,114,27,116,1,49,129,70,2,113,125,7,107,17,32,20,21,36,121,101,5,90,71,48,57,105,52,119,50,54,9,13,66,12,95,22,46,39,92,19,117,34,53,16,30,33,26,99,18,42,103,67,47,24,31,35,83,88,93,76,11,86,78,94,14,28,23|_G470682]
  002		 8132.7188734733		[115,37,91,98,72,73,51,74,64,80,102,8,56,55,81,100,110,122,118,112,97,109,128,60,123,63,68,85,87,25,6,96,69,62,106,126,0,44,75,108,10,4,15,127,104,61,111,38,40,79,45,3,41,59,43,120,77,89,124,84,65,58,29,82,114,27,116,1,49,129,70,2,113,125,7,107,17,32,20,21,36,121,101,5,90,71,48,57,105,52,119,50,54,9,13,66,12,95,22,46,39,92,19,117,34,53,16,30,33,26,99,18,42,103,67,47,24,31,35,83,88,93,76,11,86,78,23,14,28,94|_G470682]
  003		 8132.7188734733		[115,37,91,98,72,73,51,74,64,80,102,8,56,55,81,100,110,122,118,112,97,109,128,60,123,63,68,85,87,25,6,96,69,62,106,126,0,44,75,108,10,4,15,127,104,61,111,38,40,79,45,3,41,59,43,120,77,89,124,84,65,58,29,82,114,27,116,1,49,129,70,2,113,125,7,107,17,32,20,21,36,121,101,5,90,71,48,57,105,52,119,50,54,9,13,66,12,95,22,46,39,92,19,117,34,53,16,30,33,26,99,18,42,103,67,47,24,31,35,83,88,93,76,11,86,78,23,14,28,94|_G470682]
  004		 8137.8678611735		[115,37,91,98,72,73,8,56,55,51,74,64,80,102,81,100,110,122,118,112,97,109,128,60,123,63,87,85,68,25,6,96,69,103,106,126,0,44,75,108,10,4,15,127,104,61,111,38,1,79,45,3,41,50,43,120,77,89,124,84,65,58,29,27,114,82,116,40,129,49,70,2,113,125,7,107,17,32,20,21,36,39,121,101,5,90,71,48,57,105,52,119,59,54,9,13,66,12,95,22,46,92,19,117,34,53,16,30,33,26,99,18,42,62,67,47,24,31,35,83,88,93,76,11,86,78,94,23,28,14|_G470682]
  005		 8139.1854119044		[115,37,91,98,72,73,8,56,55,51,74,64,80,102,81,100,110,122,118,112,97,109,128,60,123,63,87,85,68,25,6,96,69,62,106,126,0,44,75,108,10,4,15,127,104,61,111,38,1,79,45,3,41,50,43,120,77,89,124,84,65,58,29,82,114,27,116,40,49,129,70,2,113,125,7,107,17,32,20,21,36,39,121,101,5,90,71,48,57,105,52,119,59,54,9,13,66,12,95,22,46,92,19,117,34,53,16,30,33,26,99,18,42,103,67,47,24,31,35,83,88,93,76,11,86,78,94,23,28,14|_G470682]
  006		 8139.1854119044		[115,37,91,98,72,73,8,56,55,51,74,64,80,102,81,100,110,122,118,112,97,109,128,60,123,63,87,85,68,25,6,96,69,62,106,126,0,44,75,108,10,4,15,127,104,61,111,38,1,79,45,3,41,50,43,120,77,89,124,84,65,58,29,82,114,27,116,40,49,129,70,2,113,125,7,107,17,32,20,21,36,39,121,101,5,90,71,48,57,105,52,119,59,54,9,13,66,12,95,22,46,92,19,117,34,53,16,30,33,26,99,18,42,103,67,47,24,31,35,83,88,93,76,11,86,78,94,23,28,14|_G470682]
  007		 8139.1854119044		[115,37,91,98,72,73,8,56,55,51,74,64,80,102,81,100,110,122,118,112,97,109,128,60,123,63,87,85,68,25,6,96,69,62,106,126,0,44,75,108,10,4,15,127,104,61,111,38,1,79,45,3,41,50,43,120,77,89,124,84,65,58,29,82,114,27,116,40,49,129,70,2,113,125,7,107,17,32,20,21,36,39,121,101,5,90,71,48,57,105,52,119,59,54,9,13,66,12,95,22,46,92,19,117,34,53,16,30,33,26,99,18,42,103,67,47,24,31,35,83,88,93,76,11,86,78,94,23,28,14|_G470682]
  008		 8139.1854119044		[115,37,91,98,72,73,8,56,55,51,74,64,80,102,81,100,110,122,118,112,97,109,128,60,123,63,87,85,68,25,6,96,69,62,106,126,0,44,75,108,10,4,15,127,104,61,111,38,1,79,45,3,41,50,43,120,77,89,124,84,65,58,29,82,114,27,116,40,49,129,70,2,113,125,7,107,17,32,20,21,36,39,121,101,5,90,71,48,57,105,52,119,59,54,9,13,66,12,95,22,46,92,19,117,34,53,16,30,33,26,99,18,42,103,67,47,24,31,35,83,88,93,76,11,86,78,94,23,28,14|_G470682]
  009		 8139.1854119044		[115,37,91,98,72,73,8,56,55,51,74,64,80,102,81,100,110,122,118,112,97,109,128,60,123,63,87,85,68,25,6,96,69,62,106,126,0,44,75,108,10,4,15,127,104,61,111,38,1,79,45,3,41,50,43,120,77,89,124,84,65,58,29,82,114,27,116,40,49,129,70,2,113,125,7,107,17,32,20,21,36,39,121,101,5,90,71,48,57,105,52,119,59,54,9,13,66,12,95,22,46,92,19,117,34,53,16,30,33,26,99,18,42,103,67,47,24,31,35,83,88,93,76,11,86,78,94,23,28,14|_G470682]
  010		 8139.1854119044		[115,37,91,98,72,73,8,56,55,51,74,64,80,102,81,100,110,122,118,112,97,109,128,60,123,63,87,85,68,25,6,96,69,62,106,126,0,44,75,108,10,4,15,127,104,61,111,38,1,79,45,3,41,50,43,120,77,89,124,84,65,58,29,82,114,27,116,40,49,129,70,2,113,125,7,107,17,32,20,21,36,39,121,101,5,90,71,48,57,105,52,119,59,54,9,13,66,12,95,22,46,92,19,117,34,53,16,30,33,26,99,18,42,103,67,47,24,31,35,83,88,93,76,11,86,78,94,23,28,14|_G470682]
  011		 8139.1854119044		[115,37,91,98,72,73,8,56,55,51,74,64,80,102,81,100,110,122,118,112,97,109,128,60,123,63,87,85,68,25,6,96,69,62,106,126,0,44,75,108,10,4,15,127,104,61,111,38,1,79,45,3,41,50,43,120,77,89,124,84,65,58,29,82,114,27,116,40,49,129,70,2,113,125,7,107,17,32,20,21,36,39,121,101,5,90,71,48,57,105,52,119,59,54,9,13,66,12,95,22,46,92,19,117,34,53,16,30,33,26,99,18,42,103,67,47,24,31,35,83,88,93,76,11,86,78,94,23,28,14|_G470682]
  012		 8139.2098135968		[115,37,91,98,72,73,8,56,55,51,74,64,80,102,81,100,110,122,118,112,97,109,128,60,123,63,87,85,68,25,6,96,69,103,106,126,0,44,75,108,10,4,15,127,104,61,111,38,1,79,45,3,41,50,43,120,77,89,124,84,65,58,29,27,114,82,116,40,49,129,70,2,113,125,7,107,17,32,20,21,36,39,121,101,5,90,71,48,57,105,52,119,59,54,9,13,66,12,95,22,46,92,19,117,34,53,16,30,33,26,99,18,42,62,67,47,24,31,35,83,88,93,76,11,86,78,94,23,28,14|_G470682]
  013		 8139.2098135968		[115,37,91,98,72,73,8,56,55,51,74,64,80,102,81,100,110,122,118,112,97,109,128,60,123,63,87,85,68,25,6,96,69,103,106,126,0,44,75,108,10,4,15,127,104,61,111,38,1,79,45,3,41,50,43,120,77,89,124,84,65,58,29,27,114,82,116,40,49,129,70,2,113,125,7,107,17,32,20,21,36,39,121,101,5,90,71,48,57,105,52,119,59,54,9,13,66,12,95,22,46,92,19,117,34,53,16,30,33,26,99,18,42,62,67,47,24,31,35,83,88,93,76,11,86,78,94,23,28,14|_G470682]
  014		 8139.2098135968		[115,37,91,98,72,73,8,56,55,51,74,64,80,102,81,100,110,122,118,112,97,109,128,60,123,63,87,85,68,25,6,96,69,103,106,126,0,44,75,108,10,4,15,127,104,61,111,38,1,79,45,3,41,50,43,120,77,89,124,84,65,58,29,27,114,82,116,40,49,129,70,2,113,125,7,107,17,32,20,21,36,39,121,101,5,90,71,48,57,105,52,119,59,54,9,13,66,12,95,22,46,92,19,117,34,53,16,30,33,26,99,18,42,62,67,47,24,31,35,83,88,93,76,11,86,78,94,23,28,14|_G470682]
  015		 8139.2098135968		[115,37,91,98,72,73,8,56,55,51,74,64,80,102,81,100,110,122,118,112,97,109,128,60,123,63,87,85,68,25,6,96,69,103,106,126,0,44,75,108,10,4,15,127,104,61,111,38,1,79,45,3,41,50,43,120,77,89,124,84,65,58,29,27,114,82,116,40,49,129,70,2,113,125,7,107,17,32,20,21,36,39,121,101,5,90,71,48,57,105,52,119,59,54,9,13,66,12,95,22,46,92,19,117,34,53,16,30,33,26,99,18,42,62,67,47,24,31,35,83,88,93,76,11,86,78,94,23,28,14|_G470682]
  016		 8139.2098135968		[115,37,91,98,72,73,8,56,55,51,74,64,80,102,81,100,110,122,118,112,97,109,128,60,123,63,87,85,68,25,6,96,69,103,106,126,0,44,75,108,10,4,15,127,104,61,111,38,1,79,45,3,41,50,43,120,77,89,124,84,65,58,29,27,114,82,116,40,49,129,70,2,113,125,7,107,17,32,20,21,36,39,121,101,5,90,71,48,57,105,52,119,59,54,9,13,66,12,95,22,46,92,19,117,34,53,16,30,33,26,99,18,42,62,67,47,24,31,35,83,88,93,76,11,86,78,94,23,28,14|_G470682]
  017		 8142.3744990168		[115,37,91,98,72,73,51,74,64,80,102,8,56,55,81,100,110,122,118,112,97,109,128,60,123,63,68,85,87,25,6,96,69,62,106,126,0,44,75,108,10,4,15,127,104,61,111,38,40,79,45,3,41,59,43,120,77,89,124,84,65,58,29,82,114,27,116,1,49,129,70,2,113,125,7,107,17,32,20,21,36,121,101,5,90,71,48,57,105,52,119,50,54,9,13,66,12,95,22,46,39,92,19,117,34,53,16,30,33,26,99,18,42,103,67,47,24,31,35,83,88,93,76,11,86,78,23,28,14,94|_G470682]
  018		 8142.3744990168		[115,37,91,98,72,73,51,74,64,80,102,8,56,55,81,100,110,122,118,112,97,109,128,60,123,63,68,85,87,25,6,96,69,62,106,126,0,44,75,108,10,4,15,127,104,61,111,38,40,79,45,3,41,59,43,120,77,89,124,84,65,58,29,82,114,27,116,1,49,129,70,2,113,125,7,107,17,32,20,21,36,121,101,5,90,71,48,57,105,52,119,50,54,9,13,66,12,95,22,46,39,92,19,117,34,53,16,30,33,26,99,18,42,103,67,47,24,31,35,83,88,93,76,11,86,78,23,28,14,94|_G470682]
  019		 8145.3722289953		[115,37,91,98,72,73,8,56,55,51,74,64,80,102,81,100,110,122,118,112,97,109,128,60,123,63,87,85,68,25,6,96,69,103,106,126,0,44,75,108,10,4,15,127,104,61,111,38,1,79,45,3,41,50,43,120,77,89,124,84,65,58,29,27,114,82,116,40,49,129,70,2,113,125,7,107,17,32,20,21,36,39,121,101,5,90,71,48,57,105,52,119,59,54,9,13,66,12,95,22,46,92,19,117,34,53,16,30,33,26,99,18,42,62,67,47,24,31,35,83,88,93,76,11,86,78,94,23,14,28|_G470682]
  020		 8156.9026665589		[115,37,91,98,72,73,51,74,64,80,102,8,56,55,81,100,110,122,118,112,97,109,128,60,123,63,87,85,68,25,6,96,69,62,106,126,0,44,75,108,10,4,15,127,104,61,111,38,40,79,45,3,41,59,43,120,77,89,124,84,65,58,29,82,114,27,116,1,49,129,70,2,113,125,7,107,17,32,20,21,36,39,121,101,5,90,71,48,57,105,52,119,50,54,9,13,66,12,95,22,46,92,19,117,34,53,16,30,33,26,99,18,42,103,67,47,24,31,83,35,88,93,76,11,86,78,94,28,14,23|_G470682]
  021		 8158.0764758255		[115,37,91,98,72,73,51,74,64,80,102,8,56,55,81,100,110,122,118,112,97,109,128,60,123,63,87,85,68,25,6,96,69,62,106,126,0,44,75,108,10,4,15,127,104,61,111,38,40,79,45,3,41,59,43,120,77,89,65,84,124,58,29,82,114,27,116,1,49,129,70,2,113,125,7,107,17,32,20,21,36,39,121,101,5,90,71,48,57,105,52,119,50,54,9,13,66,12,95,22,46,92,19,117,34,53,16,30,33,26,99,18,42,103,67,47,24,31,35,83,88,93,76,11,86,78,94,28,14,23|_G470682]
  022		 8158.0764758255		[115,37,91,98,72,73,51,74,64,80,102,8,56,55,81,100,110,122,118,112,97,109,128,60,123,63,87,85,68,25,6,96,69,62,106,126,0,44,75,108,10,4,15,127,104,61,111,38,40,79,45,3,41,59,43,120,77,89,65,84,124,58,29,82,114,27,116,1,49,129,70,2,113,125,7,107,17,32,20,21,36,39,121,101,5,90,71,48,57,105,52,119,50,54,9,13,66,12,95,22,46,92,19,117,34,53,16,30,33,26,99,18,42,103,67,47,24,31,35,83,88,93,76,11,86,78,94,28,14,23|_G470682]
  023		 8158.0764758255		[115,37,91,98,72,73,51,74,64,80,102,8,56,55,81,100,110,122,118,112,97,109,128,60,123,63,87,85,68,25,6,96,69,62,106,126,0,44,75,108,10,4,15,127,104,61,111,38,40,79,45,3,41,59,43,120,77,89,65,84,124,58,29,82,114,27,116,1,49,129,70,2,113,125,7,107,17,32,20,21,36,39,121,101,5,90,71,48,57,105,52,119,50,54,9,13,66,12,95,22,46,92,19,117,34,53,16,30,33,26,99,18,42,103,67,47,24,31,35,83,88,93,76,11,86,78,94,28,14,23|_G470682]
  024		 8158.0764758255		[115,37,91,98,72,73,51,74,64,80,102,8,56,55,81,100,110,122,118,112,97,109,128,60,123,63,87,85,68,25,6,96,69,62,106,126,0,44,75,108,10,4,15,127,104,61,111,38,40,79,45,3,41,59,43,120,77,89,65,84,124,58,29,82,114,27,116,1,49,129,70,2,113,125,7,107,17,32,20,21,36,39,121,101,5,90,71,48,57,105,52,119,50,54,9,13,66,12,95,22,46,92,19,117,34,53,16,30,33,26,99,18,42,103,67,47,24,31,35,83,88,93,76,11,86,78,94,28,14,23|_G470682]
  025		 8158.0764758255		[115,37,91,98,72,73,51,74,64,80,102,8,56,55,81,100,110,122,118,112,97,109,128,60,123,63,87,85,68,25,6,96,69,62,106,126,0,44,75,108,10,4,15,127,104,61,111,38,40,79,45,3,41,59,43,120,77,89,65,84,124,58,29,82,114,27,116,1,49,129,70,2,113,125,7,107,17,32,20,21,36,39,121,101,5,90,71,48,57,105,52,119,50,54,9,13,66,12,95,22,46,92,19,117,34,53,16,30,33,26,99,18,42,103,67,47,24,31,35,83,88,93,76,11,86,78,94,28,14,23|_G470682]
  026		 8158.0764758255		[115,37,91,98,72,73,51,74,64,80,102,8,56,55,81,100,110,122,118,112,97,109,128,60,123,63,87,85,68,25,6,96,69,62,106,126,0,44,75,108,10,4,15,127,104,61,111,38,40,79,45,3,41,59,43,120,77,89,65,84,124,58,29,82,114,27,116,1,49,129,70,2,113,125,7,107,17,32,20,21,36,39,121,101,5,90,71,48,57,105,52,119,50,54,9,13,66,12,95,22,46,92,19,117,34,53,16,30,33,26,99,18,42,103,67,47,24,31,35,83,88,93,76,11,86,78,94,28,14,23|_G470682]
  027		 8158.2244206622		[115,37,91,98,72,73,51,74,64,80,102,8,56,55,81,100,110,122,118,112,97,109,128,60,123,63,87,85,68,25,6,96,69,62,106,126,0,44,75,108,10,4,15,127,104,61,111,38,40,79,45,3,41,59,43,120,77,89,124,84,65,58,29,82,114,27,116,1,49,129,70,2,113,125,7,107,17,32,20,21,36,39,121,101,5,90,71,48,57,105,52,119,50,54,9,13,66,12,95,22,46,92,19,117,34,53,16,30,33,26,99,18,42,103,67,47,24,31,35,83,88,93,76,11,86,78,94,28,14,23|_G470682]
  028		 8158.2244206622		[115,37,91,98,72,73,51,74,64,80,102,8,56,55,81,100,110,122,118,112,97,109,128,60,123,63,87,85,68,25,6,96,69,62,106,126,0,44,75,108,10,4,15,127,104,61,111,38,40,79,45,3,41,59,43,120,77,89,124,84,65,58,29,82,114,27,116,1,49,129,70,2,113,125,7,107,17,32,20,21,36,39,121,101,5,90,71,48,57,105,52,119,50,54,9,13,66,12,95,22,46,92,19,117,34,53,16,30,33,26,99,18,42,103,67,47,24,31,35,83,88,93,76,11,86,78,94,28,14,23|_G470682]
  029		 8158.2244206622		[115,37,91,98,72,73,51,74,64,80,102,8,56,55,81,100,110,122,118,112,97,109,128,60,123,63,87,85,68,25,6,96,69,62,106,126,0,44,75,108,10,4,15,127,104,61,111,38,40,79,45,3,41,59,43,120,77,89,124,84,65,58,29,82,114,27,116,1,49,129,70,2,113,125,7,107,17,32,20,21,36,39,121,101,5,90,71,48,57,105,52,119,50,54,9,13,66,12,95,22,46,92,19,117,34,53,16,30,33,26,99,18,42,103,67,47,24,31,35,83,88,93,76,11,86,78,94,28,14,23|_G470682]
  030		 8158.2244206622		[115,37,91,98,72,73,51,74,64,80,102,8,56,55,81,100,110,122,118,112,97,109,128,60,123,63,87,85,68,25,6,96,69,62,106,126,0,44,75,108,10,4,15,127,104,61,111,38,40,79,45,3,41,59,43,120,77,89,124,84,65,58,29,82,114,27,116,1,49,129,70,2,113,125,7,107,17,32,20,21,36,39,121,101,5,90,71,48,57,105,52,119,50,54,9,13,66,12,95,22,46,92,19,117,34,53,16,30,33,26,99,18,42,103,67,47,24,31,35,83,88,93,76,11,86,78,94,28,14,23|_G470682]
  031		 8158.2244206622		[115,37,91,98,72,73,51,74,64,80,102,8,56,55,81,100,110,122,118,112,97,109,128,60,123,63,87,85,68,25,6,96,69,62,106,126,0,44,75,108,10,4,15,127,104,61,111,38,40,79,45,3,41,59,43,120,77,89,124,84,65,58,29,82,114,27,116,1,49,129,70,2,113,125,7,107,17,32,20,21,36,39,121,101,5,90,71,48,57,105,52,119,50,54,9,13,66,12,95,22,46,92,19,117,34,53,16,30,33,26,99,18,42,103,67,47,24,31,35,83,88,93,76,11,86,78,94,28,14,23|_G470682]
  032		 8158.2244206622		[115,37,91,98,72,73,51,74,64,80,102,8,56,55,81,100,110,122,118,112,97,109,128,60,123,63,87,85,68,25,6,96,69,62,106,126,0,44,75,108,10,4,15,127,104,61,111,38,40,79,45,3,41,59,43,120,77,89,124,84,65,58,29,82,114,27,116,1,49,129,70,2,113,125,7,107,17,32,20,21,36,39,121,101,5,90,71,48,57,105,52,119,50,54,9,13,66,12,95,22,46,92,19,117,34,53,16,30,33,26,99,18,42,103,67,47,24,31,35,83,88,93,76,11,86,78,94,28,14,23|_G470682]
  033		 8158.2244206622		[115,37,91,98,72,73,51,74,64,80,102,8,56,55,81,100,110,122,118,112,97,109,128,60,123,63,87,85,68,25,6,96,69,62,106,126,0,44,75,108,10,4,15,127,104,61,111,38,40,79,45,3,41,59,43,120,77,89,124,84,65,58,29,82,114,27,116,1,49,129,70,2,113,125,7,107,17,32,20,21,36,39,121,101,5,90,71,48,57,105,52,119,50,54,9,13,66,12,95,22,46,92,19,117,34,53,16,30,33,26,99,18,42,103,67,47,24,31,35,83,88,93,76,11,86,78,94,28,14,23|_G470682]
  034		 8158.2244206622		[115,37,91,98,72,73,51,74,64,80,102,8,56,55,81,100,110,122,118,112,97,109,128,60,123,63,87,85,68,25,6,96,69,62,106,126,0,44,75,108,10,4,15,127,104,61,111,38,40,79,45,3,41,59,43,120,77,89,124,84,65,58,29,82,114,27,116,1,49,129,70,2,113,125,7,107,17,32,20,21,36,39,121,101,5,90,71,48,57,105,52,119,50,54,9,13,66,12,95,22,46,92,19,117,34,53,16,30,33,26,99,18,42,103,67,47,24,31,35,83,88,93,76,11,86,78,94,28,14,23|_G470682]
  035		 8158.2244206622		[115,37,91,98,72,73,51,74,64,80,102,8,56,55,81,100,110,122,118,112,97,109,128,60,123,63,87,85,68,25,6,96,69,62,106,126,0,44,75,108,10,4,15,127,104,61,111,38,40,79,45,3,41,59,43,120,77,89,124,84,65,58,29,82,114,27,116,1,49,129,70,2,113,125,7,107,17,32,20,21,36,39,121,101,5,90,71,48,57,105,52,119,50,54,9,13,66,12,95,22,46,92,19,117,34,53,16,30,33,26,99,18,42,103,67,47,24,31,35,83,88,93,76,11,86,78,94,28,14,23|_G470682]
  036		 8158.2244206622		[115,37,91,98,72,73,51,74,64,80,102,8,56,55,81,100,110,122,118,112,97,109,128,60,123,63,87,85,68,25,6,96,69,62,106,126,0,44,75,108,10,4,15,127,104,61,111,38,40,79,45,3,41,59,43,120,77,89,124,84,65,58,29,82,114,27,116,1,49,129,70,2,113,125,7,107,17,32,20,21,36,39,121,101,5,90,71,48,57,105,52,119,50,54,9,13,66,12,95,22,46,92,19,117,34,53,16,30,33,26,99,18,42,103,67,47,24,31,35,83,88,93,76,11,86,78,94,28,14,23|_G470682]
  037		 8158.2244206622		[115,37,91,98,72,73,51,74,64,80,102,8,56,55,81,100,110,122,118,112,97,109,128,60,123,63,87,85,68,25,6,96,69,62,106,126,0,44,75,108,10,4,15,127,104,61,111,38,40,79,45,3,41,59,43,120,77,89,124,84,65,58,29,82,114,27,116,1,49,129,70,2,113,125,7,107,17,32,20,21,36,39,121,101,5,90,71,48,57,105,52,119,50,54,9,13,66,12,95,22,46,92,19,117,34,53,16,30,33,26,99,18,42,103,67,47,24,31,35,83,88,93,76,11,86,78,94,28,14,23|_G470682]
  038		 8158.2244206622		[115,37,91,98,72,73,51,74,64,80,102,8,56,55,81,100,110,122,118,112,97,109,128,60,123,63,87,85,68,25,6,96,69,62,106,126,0,44,75,108,10,4,15,127,104,61,111,38,40,79,45,3,41,59,43,120,77,89,124,84,65,58,29,82,114,27,116,1,49,129,70,2,113,125,7,107,17,32,20,21,36,39,121,101,5,90,71,48,57,105,52,119,50,54,9,13,66,12,95,22,46,92,19,117,34,53,16,30,33,26,99,18,42,103,67,47,24,31,35,83,88,93,76,11,86,78,94,28,14,23|_G470682]
  039		 8158.2244206622		[115,37,91,98,72,73,51,74,64,80,102,8,56,55,81,100,110,122,118,112,97,109,128,60,123,63,87,85,68,25,6,96,69,62,106,126,0,44,75,108,10,4,15,127,104,61,111,38,40,79,45,3,41,59,43,120,77,89,124,84,65,58,29,82,114,27,116,1,49,129,70,2,113,125,7,107,17,32,20,21,36,39,121,101,5,90,71,48,57,105,52,119,50,54,9,13,66,12,95,22,46,92,19,117,34,53,16,30,33,26,99,18,42,103,67,47,24,31,35,83,88,93,76,11,86,78,94,28,14,23|_G470682]
  040		 8158.2244206622		[115,37,91,98,72,73,51,74,64,80,102,8,56,55,81,100,110,122,118,112,97,109,128,60,123,63,87,85,68,25,6,96,69,62,106,126,0,44,75,108,10,4,15,127,104,61,111,38,40,79,45,3,41,59,43,120,77,89,124,84,65,58,29,82,114,27,116,1,49,129,70,2,113,125,7,107,17,32,20,21,36,39,121,101,5,90,71,48,57,105,52,119,50,54,9,13,66,12,95,22,46,92,19,117,34,53,16,30,33,26,99,18,42,103,67,47,24,31,35,83,88,93,76,11,86,78,94,28,14,23|_G470682]
  041		 8158.2244206622		[115,37,91,98,72,73,51,74,64,80,102,8,56,55,81,100,110,122,118,112,97,109,128,60,123,63,87,85,68,25,6,96,69,62,106,126,0,44,75,108,10,4,15,127,104,61,111,38,40,79,45,3,41,59,43,120,77,89,124,84,65,58,29,82,114,27,116,1,49,129,70,2,113,125,7,107,17,32,20,21,36,39,121,101,5,90,71,48,57,105,52,119,50,54,9,13,66,12,95,22,46,92,19,117,34,53,16,30,33,26,99,18,42,103,67,47,24,31,35,83,88,93,76,11,86,78,94,28,14,23|_G470682]
  042		 8158.2244206622		[115,37,91,98,72,73,51,74,64,80,102,8,56,55,81,100,110,122,118,112,97,109,128,60,123,63,87,85,68,25,6,96,69,62,106,126,0,44,75,108,10,4,15,127,104,61,111,38,40,79,45,3,41,59,43,120,77,89,124,84,65,58,29,82,114,27,116,1,49,129,70,2,113,125,7,107,17,32,20,21,36,39,121,101,5,90,71,48,57,105,52,119,50,54,9,13,66,12,95,22,46,92,19,117,34,53,16,30,33,26,99,18,42,103,67,47,24,31,35,83,88,93,76,11,86,78,94,28,14,23|_G470682]
  043		 8158.2244206622		[115,37,91,98,72,73,51,74,64,80,102,8,56,55,81,100,110,122,118,112,97,109,128,60,123,63,87,85,68,25,6,96,69,62,106,126,0,44,75,108,10,4,15,127,104,61,111,38,40,79,45,3,41,59,43,120,77,89,124,84,65,58,29,82,114,27,116,1,49,129,70,2,113,125,7,107,17,32,20,21,36,39,121,101,5,90,71,48,57,105,52,119,50,54,9,13,66,12,95,22,46,92,19,117,34,53,16,30,33,26,99,18,42,103,67,47,24,31,35,83,88,93,76,11,86,78,94,28,14,23|_G470682]
  044		 8158.2244206622		[115,37,91,98,72,73,51,74,64,80,102,8,56,55,81,100,110,122,118,112,97,109,128,60,123,63,87,85,68,25,6,96,69,62,106,126,0,44,75,108,10,4,15,127,104,61,111,38,40,79,45,3,41,59,43,120,77,89,124,84,65,58,29,82,114,27,116,1,49,129,70,2,113,125,7,107,17,32,20,21,36,39,121,101,5,90,71,48,57,105,52,119,50,54,9,13,66,12,95,22,46,92,19,117,34,53,16,30,33,26,99,18,42,103,67,47,24,31,35,83,88,93,76,11,86,78,94,28,14,23|_G470682]
  045		 8158.2244206622		[115,37,91,98,72,73,51,74,64,80,102,8,56,55,81,100,110,122,118,112,97,109,128,60,123,63,87,85,68,25,6,96,69,62,106,126,0,44,75,108,10,4,15,127,104,61,111,38,40,79,45,3,41,59,43,120,77,89,124,84,65,58,29,82,114,27,116,1,49,129,70,2,113,125,7,107,17,32,20,21,36,39,121,101,5,90,71,48,57,105,52,119,50,54,9,13,66,12,95,22,46,92,19,117,34,53,16,30,33,26,99,18,42,103,67,47,24,31,35,83,88,93,76,11,86,78,94,28,14,23|_G470682]
  046		 8158.2244206622		[115,37,91,98,72,73,51,74,64,80,102,8,56,55,81,100,110,122,118,112,97,109,128,60,123,63,87,85,68,25,6,96,69,62,106,126,0,44,75,108,10,4,15,127,104,61,111,38,40,79,45,3,41,59,43,120,77,89,124,84,65,58,29,82,114,27,116,1,49,129,70,2,113,125,7,107,17,32,20,21,36,39,121,101,5,90,71,48,57,105,52,119,50,54,9,13,66,12,95,22,46,92,19,117,34,53,16,30,33,26,99,18,42,103,67,47,24,31,35,83,88,93,76,11,86,78,94,28,14,23|_G470682]
  047		 8158.2244206622		[115,37,91,98,72,73,51,74,64,80,102,8,56,55,81,100,110,122,118,112,97,109,128,60,123,63,87,85,68,25,6,96,69,62,106,126,0,44,75,108,10,4,15,127,104,61,111,38,40,79,45,3,41,59,43,120,77,89,124,84,65,58,29,82,114,27,116,1,49,129,70,2,113,125,7,107,17,32,20,21,36,39,121,101,5,90,71,48,57,105,52,119,50,54,9,13,66,12,95,22,46,92,19,117,34,53,16,30,33,26,99,18,42,103,67,47,24,31,35,83,88,93,76,11,86,78,94,28,14,23|_G470682]
  048		 8158.2244206622		[115,37,91,98,72,73,51,74,64,80,102,8,56,55,81,100,110,122,118,112,97,109,128,60,123,63,87,85,68,25,6,96,69,62,106,126,0,44,75,108,10,4,15,127,104,61,111,38,40,79,45,3,41,59,43,120,77,89,124,84,65,58,29,82,114,27,116,1,49,129,70,2,113,125,7,107,17,32,20,21,36,39,121,101,5,90,71,48,57,105,52,119,50,54,9,13,66,12,95,22,46,92,19,117,34,53,16,30,33,26,99,18,42,103,67,47,24,31,35,83,88,93,76,11,86,78,94,28,14,23|_G470682]
  049		 8158.2244206622		[115,37,91,98,72,73,51,74,64,80,102,8,56,55,81,100,110,122,118,112,97,109,128,60,123,63,87,85,68,25,6,96,69,62,106,126,0,44,75,108,10,4,15,127,104,61,111,38,40,79,45,3,41,59,43,120,77,89,124,84,65,58,29,82,114,27,116,1,49,129,70,2,113,125,7,107,17,32,20,21,36,39,121,101,5,90,71,48,57,105,52,119,50,54,9,13,66,12,95,22,46,92,19,117,34,53,16,30,33,26,99,18,42,103,67,47,24,31,35,83,88,93,76,11,86,78,94,28,14,23|_G470682]
  050		 8158.2244206622		[115,37,91,98,72,73,51,74,64,80,102,8,56,55,81,100,110,122,118,112,97,109,128,60,123,63,87,85,68,25,6,96,69,62,106,126,0,44,75,108,10,4,15,127,104,61,111,38,40,79,45,3,41,59,43,120,77,89,124,84,65,58,29,82,114,27,116,1,49,129,70,2,113,125,7,107,17,32,20,21,36,39,121,101,5,90,71,48,57,105,52,119,50,54,9,13,66,12,95,22,46,92,19,117,34,53,16,30,33,26,99,18,42,103,67,47,24,31,35,83,88,93,76,11,86,78,94,28,14,23|_G470682]
  051		 8158.2244206622		[115,37,91,98,72,73,51,74,64,80,102,8,56,55,81,100,110,122,118,112,97,109,128,60,123,63,87,85,68,25,6,96,69,62,106,126,0,44,75,108,10,4,15,127,104,61,111,38,40,79,45,3,41,59,43,120,77,89,124,84,65,58,29,82,114,27,116,1,49,129,70,2,113,125,7,107,17,32,20,21,36,39,121,101,5,90,71,48,57,105,52,119,50,54,9,13,66,12,95,22,46,92,19,117,34,53,16,30,33,26,99,18,42,103,67,47,24,31,35,83,88,93,76,11,86,78,94,28,14,23|_G470682]
  052		 8158.2244206622		[115,37,91,98,72,73,51,74,64,80,102,8,56,55,81,100,110,122,118,112,97,109,128,60,123,63,87,85,68,25,6,96,69,62,106,126,0,44,75,108,10,4,15,127,104,61,111,38,40,79,45,3,41,59,43,120,77,89,124,84,65,58,29,82,114,27,116,1,49,129,70,2,113,125,7,107,17,32,20,21,36,39,121,101,5,90,71,48,57,105,52,119,50,54,9,13,66,12,95,22,46,92,19,117,34,53,16,30,33,26,99,18,42,103,67,47,24,31,35,83,88,93,76,11,86,78,94,28,14,23|_G470682]
  053		 8158.2244206622		[115,37,91,98,72,73,51,74,64,80,102,8,56,55,81,100,110,122,118,112,97,109,128,60,123,63,87,85,68,25,6,96,69,62,106,126,0,44,75,108,10,4,15,127,104,61,111,38,40,79,45,3,41,59,43,120,77,89,124,84,65,58,29,82,114,27,116,1,49,129,70,2,113,125,7,107,17,32,20,21,36,39,121,101,5,90,71,48,57,105,52,119,50,54,9,13,66,12,95,22,46,92,19,117,34,53,16,30,33,26,99,18,42,103,67,47,24,31,35,83,88,93,76,11,86,78,94,28,14,23|_G470682]
  054		 8158.2244206622		[115,37,91,98,72,73,51,74,64,80,102,8,56,55,81,100,110,122,118,112,97,109,128,60,123,63,87,85,68,25,6,96,69,62,106,126,0,44,75,108,10,4,15,127,104,61,111,38,40,79,45,3,41,59,43,120,77,89,124,84,65,58,29,82,114,27,116,1,49,129,70,2,113,125,7,107,17,32,20,21,36,39,121,101,5,90,71,48,57,105,52,119,50,54,9,13,66,12,95,22,46,92,19,117,34,53,16,30,33,26,99,18,42,103,67,47,24,31,35,83,88,93,76,11,86,78,94,28,14,23|_G470682]
  055		 8158.2244206622		[115,37,91,98,72,73,51,74,64,80,102,8,56,55,81,100,110,122,118,112,97,109,128,60,123,63,87,85,68,25,6,96,69,62,106,126,0,44,75,108,10,4,15,127,104,61,111,38,40,79,45,3,41,59,43,120,77,89,124,84,65,58,29,82,114,27,116,1,49,129,70,2,113,125,7,107,17,32,20,21,36,39,121,101,5,90,71,48,57,105,52,119,50,54,9,13,66,12,95,22,46,92,19,117,34,53,16,30,33,26,99,18,42,103,67,47,24,31,35,83,88,93,76,11,86,78,94,28,14,23|_G470682]
  056		 8158.2244206622		[115,37,91,98,72,73,51,74,64,80,102,8,56,55,81,100,110,122,118,112,97,109,128,60,123,63,87,85,68,25,6,96,69,62,106,126,0,44,75,108,10,4,15,127,104,61,111,38,40,79,45,3,41,59,43,120,77,89,124,84,65,58,29,82,114,27,116,1,49,129,70,2,113,125,7,107,17,32,20,21,36,39,121,101,5,90,71,48,57,105,52,119,50,54,9,13,66,12,95,22,46,92,19,117,34,53,16,30,33,26,99,18,42,103,67,47,24,31,35,83,88,93,76,11,86,78,94,28,14,23|_G470682]
  057		 8158.2244206622		[115,37,91,98,72,73,51,74,64,80,102,8,56,55,81,100,110,122,118,112,97,109,128,60,123,63,87,85,68,25,6,96,69,62,106,126,0,44,75,108,10,4,15,127,104,61,111,38,40,79,45,3,41,59,43,120,77,89,124,84,65,58,29,82,114,27,116,1,49,129,70,2,113,125,7,107,17,32,20,21,36,39,121,101,5,90,71,48,57,105,52,119,50,54,9,13,66,12,95,22,46,92,19,117,34,53,16,30,33,26,99,18,42,103,67,47,24,31,35,83,88,93,76,11,86,78,94,28,14,23|_G470682]
  058		 8158.2244206622		[115,37,91,98,72,73,51,74,64,80,102,8,56,55,81,100,110,122,118,112,97,109,128,60,123,63,87,85,68,25,6,96,69,62,106,126,0,44,75,108,10,4,15,127,104,61,111,38,40,79,45,3,41,59,43,120,77,89,124,84,65,58,29,82,114,27,116,1,49,129,70,2,113,125,7,107,17,32,20,21,36,39,121,101,5,90,71,48,57,105,52,119,50,54,9,13,66,12,95,22,46,92,19,117,34,53,16,30,33,26,99,18,42,103,67,47,24,31,35,83,88,93,76,11,86,78,94,28,14,23|_G470682]
  059		 8158.2244206622		[115,37,91,98,72,73,51,74,64,80,102,8,56,55,81,100,110,122,118,112,97,109,128,60,123,63,87,85,68,25,6,96,69,62,106,126,0,44,75,108,10,4,15,127,104,61,111,38,40,79,45,3,41,59,43,120,77,89,124,84,65,58,29,82,114,27,116,1,49,129,70,2,113,125,7,107,17,32,20,21,36,39,121,101,5,90,71,48,57,105,52,119,50,54,9,13,66,12,95,22,46,92,19,117,34,53,16,30,33,26,99,18,42,103,67,47,24,31,35,83,88,93,76,11,86,78,94,28,14,23|_G470682]
  060		 8158.2244206622		[115,37,91,98,72,73,51,74,64,80,102,8,56,55,81,100,110,122,118,112,97,109,128,60,123,63,87,85,68,25,6,96,69,62,106,126,0,44,75,108,10,4,15,127,104,61,111,38,40,79,45,3,41,59,43,120,77,89,124,84,65,58,29,82,114,27,116,1,49,129,70,2,113,125,7,107,17,32,20,21,36,39,121,101,5,90,71,48,57,105,52,119,50,54,9,13,66,12,95,22,46,92,19,117,34,53,16,30,33,26,99,18,42,103,67,47,24,31,35,83,88,93,76,11,86,78,94,28,14,23|_G470682]
  061		 8158.2244206622		[115,37,91,98,72,73,51,74,64,80,102,8,56,55,81,100,110,122,118,112,97,109,128,60,123,63,87,85,68,25,6,96,69,62,106,126,0,44,75,108,10,4,15,127,104,61,111,38,40,79,45,3,41,59,43,120,77,89,124,84,65,58,29,82,114,27,116,1,49,129,70,2,113,125,7,107,17,32,20,21,36,39,121,101,5,90,71,48,57,105,52,119,50,54,9,13,66,12,95,22,46,92,19,117,34,53,16,30,33,26,99,18,42,103,67,47,24,31,35,83,88,93,76,11,86,78,94,28,14,23|_G470682]
  062		 8158.2244206622		[115,37,91,98,72,73,51,74,64,80,102,8,56,55,81,100,110,122,118,112,97,109,128,60,123,63,87,85,68,25,6,96,69,62,106,126,0,44,75,108,10,4,15,127,104,61,111,38,40,79,45,3,41,59,43,120,77,89,124,84,65,58,29,82,114,27,116,1,49,129,70,2,113,125,7,107,17,32,20,21,36,39,121,101,5,90,71,48,57,105,52,119,50,54,9,13,66,12,95,22,46,92,19,117,34,53,16,30,33,26,99,18,42,103,67,47,24,31,35,83,88,93,76,11,86,78,94,28,14,23|_G470682]
  063		 8158.2244206622		[115,37,91,98,72,73,51,74,64,80,102,8,56,55,81,100,110,122,118,112,97,109,128,60,123,63,87,85,68,25,6,96,69,62,106,126,0,44,75,108,10,4,15,127,104,61,111,38,40,79,45,3,41,59,43,120,77,89,124,84,65,58,29,82,114,27,116,1,49,129,70,2,113,125,7,107,17,32,20,21,36,39,121,101,5,90,71,48,57,105,52,119,50,54,9,13,66,12,95,22,46,92,19,117,34,53,16,30,33,26,99,18,42,103,67,47,24,31,35,83,88,93,76,11,86,78,94,28,14,23|_G470682]
  064		 8158.2244206622		[115,37,91,98,72,73,51,74,64,80,102,8,56,55,81,100,110,122,118,112,97,109,128,60,123,63,87,85,68,25,6,96,69,62,106,126,0,44,75,108,10,4,15,127,104,61,111,38,40,79,45,3,41,59,43,120,77,89,124,84,65,58,29,82,114,27,116,1,49,129,70,2,113,125,7,107,17,32,20,21,36,39,121,101,5,90,71,48,57,105,52,119,50,54,9,13,66,12,95,22,46,92,19,117,34,53,16,30,33,26,99,18,42,103,67,47,24,31,35,83,88,93,76,11,86,78,94,28,14,23|_G470682]
  065		 8158.2244206622		[115,37,91,98,72,73,51,74,64,80,102,8,56,55,81,100,110,122,118,112,97,109,128,60,123,63,87,85,68,25,6,96,69,62,106,126,0,44,75,108,10,4,15,127,104,61,111,38,40,79,45,3,41,59,43,120,77,89,124,84,65,58,29,82,114,27,116,1,49,129,70,2,113,125,7,107,17,32,20,21,36,39,121,101,5,90,71,48,57,105,52,119,50,54,9,13,66,12,95,22,46,92,19,117,34,53,16,30,33,26,99,18,42,103,67,47,24,31,35,83,88,93,76,11,86,78,94,28,14,23|_G470682]
  066		 8158.2244206622		[115,37,91,98,72,73,51,74,64,80,102,8,56,55,81,100,110,122,118,112,97,109,128,60,123,63,87,85,68,25,6,96,69,62,106,126,0,44,75,108,10,4,15,127,104,61,111,38,40,79,45,3,41,59,43,120,77,89,124,84,65,58,29,82,114,27,116,1,49,129,70,2,113,125,7,107,17,32,20,21,36,39,121,101,5,90,71,48,57,105,52,119,50,54,9,13,66,12,95,22,46,92,19,117,34,53,16,30,33,26,99,18,42,103,67,47,24,31,35,83,88,93,76,11,86,78,94,28,14,23|_G470682]
  067		 8158.2244206622		[115,37,91,98,72,73,51,74,64,80,102,8,56,55,81,100,110,122,118,112,97,109,128,60,123,63,87,85,68,25,6,96,69,62,106,126,0,44,75,108,10,4,15,127,104,61,111,38,40,79,45,3,41,59,43,120,77,89,124,84,65,58,29,82,114,27,116,1,49,129,70,2,113,125,7,107,17,32,20,21,36,39,121,101,5,90,71,48,57,105,52,119,50,54,9,13,66,12,95,22,46,92,19,117,34,53,16,30,33,26,99,18,42,103,67,47,24,31,35,83,88,93,76,11,86,78,94,28,14,23|_G470682]
  068		 8158.2244206622		[115,37,91,98,72,73,51,74,64,80,102,8,56,55,81,100,110,122,118,112,97,109,128,60,123,63,87,85,68,25,6,96,69,62,106,126,0,44,75,108,10,4,15,127,104,61,111,38,40,79,45,3,41,59,43,120,77,89,124,84,65,58,29,82,114,27,116,1,49,129,70,2,113,125,7,107,17,32,20,21,36,39,121,101,5,90,71,48,57,105,52,119,50,54,9,13,66,12,95,22,46,92,19,117,34,53,16,30,33,26,99,18,42,103,67,47,24,31,35,83,88,93,76,11,86,78,94,28,14,23|_G470682]
  069		 8158.2244206622		[115,37,91,98,72,73,51,74,64,80,102,8,56,55,81,100,110,122,118,112,97,109,128,60,123,63,87,85,68,25,6,96,69,62,106,126,0,44,75,108,10,4,15,127,104,61,111,38,40,79,45,3,41,59,43,120,77,89,124,84,65,58,29,82,114,27,116,1,49,129,70,2,113,125,7,107,17,32,20,21,36,39,121,101,5,90,71,48,57,105,52,119,50,54,9,13,66,12,95,22,46,92,19,117,34,53,16,30,33,26,99,18,42,103,67,47,24,31,35,83,88,93,76,11,86,78,94,28,14,23|_G470682]
  070		 8158.2244206622		[115,37,91,98,72,73,51,74,64,80,102,8,56,55,81,100,110,122,118,112,97,109,128,60,123,63,87,85,68,25,6,96,69,62,106,126,0,44,75,108,10,4,15,127,104,61,111,38,40,79,45,3,41,59,43,120,77,89,124,84,65,58,29,82,114,27,116,1,49,129,70,2,113,125,7,107,17,32,20,21,36,39,121,101,5,90,71,48,57,105,52,119,50,54,9,13,66,12,95,22,46,92,19,117,34,53,16,30,33,26,99,18,42,103,67,47,24,31,35,83,88,93,76,11,86,78,94,28,14,23|_G470682]
  071		 8158.2244206622		[115,37,91,98,72,73,51,74,64,80,102,8,56,55,81,100,110,122,118,112,97,109,128,60,123,63,87,85,68,25,6,96,69,62,106,126,0,44,75,108,10,4,15,127,104,61,111,38,40,79,45,3,41,59,43,120,77,89,124,84,65,58,29,82,114,27,116,1,49,129,70,2,113,125,7,107,17,32,20,21,36,39,121,101,5,90,71,48,57,105,52,119,50,54,9,13,66,12,95,22,46,92,19,117,34,53,16,30,33,26,99,18,42,103,67,47,24,31,35,83,88,93,76,11,86,78,94,28,14,23|_G470682]
  072		 8158.2244206622		[115,37,91,98,72,73,51,74,64,80,102,8,56,55,81,100,110,122,118,112,97,109,128,60,123,63,87,85,68,25,6,96,69,62,106,126,0,44,75,108,10,4,15,127,104,61,111,38,40,79,45,3,41,59,43,120,77,89,124,84,65,58,29,82,114,27,116,1,49,129,70,2,113,125,7,107,17,32,20,21,36,39,121,101,5,90,71,48,57,105,52,119,50,54,9,13,66,12,95,22,46,92,19,117,34,53,16,30,33,26,99,18,42,103,67,47,24,31,35,83,88,93,76,11,86,78,94,28,14,23|_G470682]
  073		 8159.4545208190		[115,37,91,98,72,73,8,56,55,51,74,64,80,102,81,100,110,122,118,112,97,109,128,60,123,63,87,85,68,25,6,96,69,103,106,126,0,44,75,108,10,4,15,127,104,61,111,38,1,79,45,3,41,50,43,120,77,89,124,84,65,29,58,27,114,82,116,40,49,129,70,2,113,125,7,107,17,20,32,21,36,39,121,101,5,90,71,48,57,105,52,119,59,54,9,13,95,12,66,22,46,92,19,117,34,53,16,30,33,26,99,18,42,62,67,47,24,31,35,83,88,93,76,11,86,78,94,23,28,14|_G470682]
  074		 8159.4545208190		[115,37,91,98,72,73,8,56,55,51,74,64,80,102,81,100,110,122,118,112,97,109,128,60,123,63,87,85,68,25,6,96,69,103,106,126,0,44,75,108,10,4,15,127,104,61,111,38,1,79,45,3,41,50,43,120,77,89,124,84,65,29,58,27,114,82,116,40,49,129,70,2,113,125,7,107,17,20,32,21,36,39,121,101,5,90,71,48,57,105,52,119,59,54,9,13,95,12,66,22,46,92,19,117,34,53,16,30,33,26,99,18,42,62,67,47,24,31,35,83,88,93,76,11,86,78,94,23,28,14|_G470682]
  075		 8159.6717945563		[115,37,91,98,72,73,8,56,55,51,74,64,80,102,81,100,110,122,118,112,97,109,128,60,123,63,87,85,68,25,6,96,69,103,106,126,0,44,75,108,10,4,15,127,104,61,111,38,1,79,45,3,41,50,43,120,77,89,124,84,65,58,29,27,114,82,116,40,49,129,70,2,113,125,7,107,17,32,20,21,36,39,121,101,5,90,71,48,57,105,52,119,59,54,9,13,66,12,95,22,46,92,19,117,34,53,16,30,33,26,99,18,42,62,67,47,24,31,35,83,88,93,76,11,86,28,14,23,78,94|_G470682]
  076		 8160.4719504810		[115,37,91,98,72,73,51,74,64,80,102,8,56,55,81,100,110,122,118,112,97,109,128,60,123,63,87,85,68,25,6,96,69,62,106,126,0,44,75,108,10,4,15,127,104,61,111,38,40,79,45,3,41,59,43,120,77,89,124,84,65,58,29,82,114,27,116,1,49,129,70,2,113,125,7,107,17,32,20,21,36,121,101,5,90,71,48,57,105,52,119,50,54,9,13,66,12,95,22,46,39,92,19,117,34,53,16,30,33,26,99,18,42,103,67,47,24,31,35,83,88,93,76,11,86,78,94,28,14,23|_G470682]
  077		 8160.7482808442		[115,37,91,98,72,73,51,74,64,80,102,8,56,55,81,100,110,122,118,112,97,103,128,60,123,63,87,85,68,25,6,96,69,62,106,126,0,44,75,108,10,4,15,127,104,61,111,38,40,79,45,3,41,59,43,120,77,89,124,84,65,58,29,82,114,27,116,1,49,129,70,2,113,125,7,107,17,32,20,21,36,39,121,101,5,90,71,48,57,105,52,119,50,54,9,13,66,12,95,22,46,92,19,117,34,53,16,30,33,26,99,18,42,109,67,47,24,31,35,83,88,93,76,11,86,78,94,14,28,23|_G470682]
  078		 8160.7482808442		[115,37,91,98,72,73,51,74,64,80,102,8,56,55,81,100,110,122,118,112,97,103,128,60,123,63,87,85,68,25,6,96,69,62,106,126,0,44,75,108,10,4,15,127,104,61,111,38,40,79,45,3,41,59,43,120,77,89,124,84,65,58,29,82,114,27,116,1,49,129,70,2,113,125,7,107,17,32,20,21,36,39,121,101,5,90,71,48,57,105,52,119,50,54,9,13,66,12,95,22,46,92,19,117,34,53,16,30,33,26,99,18,42,109,67,47,24,31,35,83,88,93,76,11,86,78,94,14,28,23|_G470682]
  079		 8161.1496942447		[115,37,91,98,72,73,8,56,55,51,74,64,80,102,81,100,110,122,118,112,97,109,128,60,123,63,87,85,68,25,6,96,69,62,106,126,0,44,75,108,10,4,15,127,104,61,111,38,1,79,45,3,41,50,43,120,77,89,124,84,65,58,29,27,114,82,116,40,49,129,70,2,113,125,7,107,17,20,32,21,36,39,121,101,5,90,71,48,57,105,52,119,59,54,9,13,66,12,95,22,46,92,19,117,34,53,16,30,33,26,99,18,42,103,67,47,24,31,35,83,88,93,76,11,86,78,94,28,14,23|_G470682]
  080		 8163.3732415358		[115,37,91,98,72,73,8,56,55,51,74,64,80,102,81,100,110,122,118,112,97,109,128,60,123,63,87,85,68,25,6,96,69,62,106,126,0,44,75,108,10,4,15,127,104,61,111,38,1,79,45,3,41,50,43,120,77,89,124,84,65,58,29,27,114,82,116,40,49,129,70,2,113,125,7,107,17,20,32,21,36,39,121,101,5,90,71,48,57,105,52,119,59,54,9,13,66,12,95,22,46,92,19,117,34,53,16,30,33,26,99,18,42,103,67,47,24,31,83,35,88,93,76,11,86,78,94,23,28,14|_G470682]
  081		 8163.3732415358		[115,37,91,98,72,73,8,56,55,51,74,64,80,102,81,100,110,122,118,112,97,109,128,60,123,63,87,85,68,25,6,96,69,62,106,126,0,44,75,108,10,4,15,127,104,61,111,38,1,79,45,3,41,50,43,120,77,89,124,84,65,58,29,27,114,82,116,40,49,129,70,2,113,125,7,107,17,20,32,21,36,39,121,101,5,90,71,48,57,105,52,119,59,54,9,13,66,12,95,22,46,92,19,117,34,53,16,30,33,26,99,18,42,103,67,47,24,31,83,35,88,93,76,11,86,78,94,23,28,14|_G470682]
  082		 8164.4310690460		[115,37,91,98,72,73,51,74,64,80,102,8,56,55,81,100,110,122,118,112,97,109,128,60,123,63,87,85,68,25,6,96,69,62,106,126,0,44,75,108,10,4,15,127,104,61,111,38,40,79,45,3,41,59,43,120,77,89,124,84,65,58,29,82,114,27,116,1,49,129,70,2,113,125,7,107,17,32,20,21,36,39,121,101,5,90,71,48,57,105,52,119,50,54,9,13,66,95,12,22,46,92,19,117,34,53,16,30,33,26,99,18,42,103,67,47,24,31,35,83,88,93,76,11,86,78,94,28,14,23|_G470682]
  083		 8164.6949956391		[115,37,91,98,72,73,8,56,55,51,74,64,80,102,81,100,110,122,118,112,97,109,128,60,123,63,87,85,68,25,6,96,69,62,106,126,0,44,75,108,10,4,15,127,104,61,111,38,1,79,45,3,41,50,43,120,77,89,124,84,65,58,29,27,114,82,116,40,49,129,70,2,113,125,7,107,17,20,32,21,36,39,121,101,5,90,71,48,57,105,52,119,59,54,9,13,66,12,95,22,46,92,19,117,34,53,16,30,33,26,99,18,42,103,67,47,24,31,35,83,88,93,76,11,86,78,94,23,28,14|_G470682]
  084		 8164.6949956391		[115,37,91,98,72,73,8,56,55,51,74,64,80,102,81,100,110,122,118,112,97,109,128,60,123,63,87,85,68,25,6,96,69,62,106,126,0,44,75,108,10,4,15,127,104,61,111,38,1,79,45,3,41,50,43,120,77,89,124,84,65,58,29,27,114,82,116,40,49,129,70,2,113,125,7,107,17,20,32,21,36,39,121,101,5,90,71,48,57,105,52,119,59,54,9,13,66,12,95,22,46,92,19,117,34,53,16,30,33,26,99,18,42,103,67,47,24,31,35,83,88,93,76,11,86,78,94,23,28,14|_G470682]
  085		 8164.6949956391		[115,37,91,98,72,73,8,56,55,51,74,64,80,102,81,100,110,122,118,112,97,109,128,60,123,63,87,85,68,25,6,96,69,62,106,126,0,44,75,108,10,4,15,127,104,61,111,38,1,79,45,3,41,50,43,120,77,89,124,84,65,58,29,27,114,82,116,40,49,129,70,2,113,125,7,107,17,20,32,21,36,39,121,101,5,90,71,48,57,105,52,119,59,54,9,13,66,12,95,22,46,92,19,117,34,53,16,30,33,26,99,18,42,103,67,47,24,31,35,83,88,93,76,11,86,78,94,23,28,14|_G470682]
  086		 8164.6949956391		[115,37,91,98,72,73,8,56,55,51,74,64,80,102,81,100,110,122,118,112,97,109,128,60,123,63,87,85,68,25,6,96,69,62,106,126,0,44,75,108,10,4,15,127,104,61,111,38,1,79,45,3,41,50,43,120,77,89,124,84,65,58,29,27,114,82,116,40,49,129,70,2,113,125,7,107,17,20,32,21,36,39,121,101,5,90,71,48,57,105,52,119,59,54,9,13,66,12,95,22,46,92,19,117,34,53,16,30,33,26,99,18,42,103,67,47,24,31,35,83,88,93,76,11,86,78,94,23,28,14|_G470682]
  087		 8164.6949956391		[115,37,91,98,72,73,8,56,55,51,74,64,80,102,81,100,110,122,118,112,97,109,128,60,123,63,87,85,68,25,6,96,69,62,106,126,0,44,75,108,10,4,15,127,104,61,111,38,1,79,45,3,41,50,43,120,77,89,124,84,65,58,29,27,114,82,116,40,49,129,70,2,113,125,7,107,17,20,32,21,36,39,121,101,5,90,71,48,57,105,52,119,59,54,9,13,66,12,95,22,46,92,19,117,34,53,16,30,33,26,99,18,42,103,67,47,24,31,35,83,88,93,76,11,86,78,94,23,28,14|_G470682]
  088		 8164.6949956391		[115,37,91,98,72,73,8,56,55,51,74,64,80,102,81,100,110,122,118,112,97,109,128,60,123,63,87,85,68,25,6,96,69,62,106,126,0,44,75,108,10,4,15,127,104,61,111,38,1,79,45,3,41,50,43,120,77,89,124,84,65,58,29,27,114,82,116,40,49,129,70,2,113,125,7,107,17,20,32,21,36,39,121,101,5,90,71,48,57,105,52,119,59,54,9,13,66,12,95,22,46,92,19,117,34,53,16,30,33,26,99,18,42,103,67,47,24,31,35,83,88,93,76,11,86,78,94,23,28,14|_G470682]
  089		 8164.6949956391		[115,37,91,98,72,73,8,56,55,51,74,64,80,102,81,100,110,122,118,112,97,109,128,60,123,63,87,85,68,25,6,96,69,62,106,126,0,44,75,108,10,4,15,127,104,61,111,38,1,79,45,3,41,50,43,120,77,89,124,84,65,58,29,27,114,82,116,40,49,129,70,2,113,125,7,107,17,20,32,21,36,39,121,101,5,90,71,48,57,105,52,119,59,54,9,13,66,12,95,22,46,92,19,117,34,53,16,30,33,26,99,18,42,103,67,47,24,31,35,83,88,93,76,11,86,78,94,23,28,14|_G470682]
  090		 8164.6949956391		[115,37,91,98,72,73,8,56,55,51,74,64,80,102,81,100,110,122,118,112,97,109,128,60,123,63,87,85,68,25,6,96,69,62,106,126,0,44,75,108,10,4,15,127,104,61,111,38,1,79,45,3,41,50,43,120,77,89,124,84,65,58,29,27,114,82,116,40,49,129,70,2,113,125,7,107,17,20,32,21,36,39,121,101,5,90,71,48,57,105,52,119,59,54,9,13,66,12,95,22,46,92,19,117,34,53,16,30,33,26,99,18,42,103,67,47,24,31,35,83,88,93,76,11,86,78,94,23,28,14|_G470682]
  091		 8164.6949956391		[115,37,91,98,72,73,8,56,55,51,74,64,80,102,81,100,110,122,118,112,97,109,128,60,123,63,87,85,68,25,6,96,69,62,106,126,0,44,75,108,10,4,15,127,104,61,111,38,1,79,45,3,41,50,43,120,77,89,124,84,65,58,29,27,114,82,116,40,49,129,70,2,113,125,7,107,17,20,32,21,36,39,121,101,5,90,71,48,57,105,52,119,59,54,9,13,66,12,95,22,46,92,19,117,34,53,16,30,33,26,99,18,42,103,67,47,24,31,35,83,88,93,76,11,86,78,94,23,28,14|_G470682]
  092		 8164.6949956391		[115,37,91,98,72,73,8,56,55,51,74,64,80,102,81,100,110,122,118,112,97,109,128,60,123,63,87,85,68,25,6,96,69,62,106,126,0,44,75,108,10,4,15,127,104,61,111,38,1,79,45,3,41,50,43,120,77,89,124,84,65,58,29,27,114,82,116,40,49,129,70,2,113,125,7,107,17,20,32,21,36,39,121,101,5,90,71,48,57,105,52,119,59,54,9,13,66,12,95,22,46,92,19,117,34,53,16,30,33,26,99,18,42,103,67,47,24,31,35,83,88,93,76,11,86,78,94,23,28,14|_G470682]
  093		 8164.6949956391		[115,37,91,98,72,73,8,56,55,51,74,64,80,102,81,100,110,122,118,112,97,109,128,60,123,63,87,85,68,25,6,96,69,62,106,126,0,44,75,108,10,4,15,127,104,61,111,38,1,79,45,3,41,50,43,120,77,89,124,84,65,58,29,27,114,82,116,40,49,129,70,2,113,125,7,107,17,20,32,21,36,39,121,101,5,90,71,48,57,105,52,119,59,54,9,13,66,12,95,22,46,92,19,117,34,53,16,30,33,26,99,18,42,103,67,47,24,31,35,83,88,93,76,11,86,78,94,23,28,14|_G470682]
  094		 8164.6949956391		[115,37,91,98,72,73,8,56,55,51,74,64,80,102,81,100,110,122,118,112,97,109,128,60,123,63,87,85,68,25,6,96,69,62,106,126,0,44,75,108,10,4,15,127,104,61,111,38,1,79,45,3,41,50,43,120,77,89,124,84,65,58,29,27,114,82,116,40,49,129,70,2,113,125,7,107,17,20,32,21,36,39,121,101,5,90,71,48,57,105,52,119,59,54,9,13,66,12,95,22,46,92,19,117,34,53,16,30,33,26,99,18,42,103,67,47,24,31,35,83,88,93,76,11,86,78,94,23,28,14|_G470682]
  095		 8164.6949956391		[115,37,91,98,72,73,8,56,55,51,74,64,80,102,81,100,110,122,118,112,97,109,128,60,123,63,87,85,68,25,6,96,69,62,106,126,0,44,75,108,10,4,15,127,104,61,111,38,1,79,45,3,41,50,43,120,77,89,124,84,65,58,29,27,114,82,116,40,49,129,70,2,113,125,7,107,17,20,32,21,36,39,121,101,5,90,71,48,57,105,52,119,59,54,9,13,66,12,95,22,46,92,19,117,34,53,16,30,33,26,99,18,42,103,67,47,24,31,35,83,88,93,76,11,86,78,94,23,28,14|_G470682]
  096		 8164.6949956391		[115,37,91,98,72,73,8,56,55,51,74,64,80,102,81,100,110,122,118,112,97,109,128,60,123,63,87,85,68,25,6,96,69,62,106,126,0,44,75,108,10,4,15,127,104,61,111,38,1,79,45,3,41,50,43,120,77,89,124,84,65,58,29,27,114,82,116,40,49,129,70,2,113,125,7,107,17,20,32,21,36,39,121,101,5,90,71,48,57,105,52,119,59,54,9,13,66,12,95,22,46,92,19,117,34,53,16,30,33,26,99,18,42,103,67,47,24,31,35,83,88,93,76,11,86,78,94,23,28,14|_G470682]
  097		 8164.6949956391		[115,37,91,98,72,73,8,56,55,51,74,64,80,102,81,100,110,122,118,112,97,109,128,60,123,63,87,85,68,25,6,96,69,62,106,126,0,44,75,108,10,4,15,127,104,61,111,38,1,79,45,3,41,50,43,120,77,89,124,84,65,58,29,27,114,82,116,40,49,129,70,2,113,125,7,107,17,20,32,21,36,39,121,101,5,90,71,48,57,105,52,119,59,54,9,13,66,12,95,22,46,92,19,117,34,53,16,30,33,26,99,18,42,103,67,47,24,31,35,83,88,93,76,11,86,78,94,23,28,14|_G470682]
  098		 8165.6169362175		[115,37,91,98,72,73,8,56,55,51,74,64,80,102,81,100,110,122,118,112,97,109,128,60,123,63,87,85,68,25,6,96,69,103,106,126,0,44,75,108,10,4,15,127,104,61,111,38,1,79,45,3,41,50,43,120,77,89,124,84,65,29,58,27,114,82,116,40,49,129,70,2,113,125,7,107,17,20,32,21,36,39,121,101,5,90,71,48,57,105,52,119,59,54,9,13,95,12,66,22,46,92,19,117,34,53,16,30,33,26,99,18,42,62,67,47,24,31,35,83,88,93,76,11,86,78,94,23,14,28|_G470682]
  099		 8165.6169362175		[115,37,91,98,72,73,8,56,55,51,74,64,80,102,81,100,110,122,118,112,97,109,128,60,123,63,87,85,68,25,6,96,69,103,106,126,0,44,75,108,10,4,15,127,104,61,111,38,1,79,45,3,41,50,43,120,77,89,124,84,65,29,58,27,114,82,116,40,49,129,70,2,113,125,7,107,17,20,32,21,36,39,121,101,5,90,71,48,57,105,52,119,59,54,9,13,95,12,66,22,46,92,19,117,34,53,16,30,33,26,99,18,42,62,67,47,24,31,35,83,88,93,76,11,86,78,94,23,14,28|_G470682]
  100		 8165.6169362175		[115,37,91,98,72,73,8,56,55,51,74,64,80,102,81,100,110,122,118,112,97,109,128,60,123,63,87,85,68,25,6,96,69,103,106,126,0,44,75,108,10,4,15,127,104,61,111,38,1,79,45,3,41,50,43,120,77,89,124,84,65,29,58,27,114,82,116,40,49,129,70,2,113,125,7,107,17,20,32,21,36,39,121,101,5,90,71,48,57,105,52,119,59,54,9,13,95,12,66,22,46,92,19,117,34,53,16,30,33,26,99,18,42,62,67,47,24,31,35,83,88,93,76,11,86,78,94,23,14,28|_G470682]
  101		 8165.6169362175		[115,37,91,98,72,73,8,56,55,51,74,64,80,102,81,100,110,122,118,112,97,109,128,60,123,63,87,85,68,25,6,96,69,103,106,126,0,44,75,108,10,4,15,127,104,61,111,38,1,79,45,3,41,50,43,120,77,89,124,84,65,29,58,27,114,82,116,40,49,129,70,2,113,125,7,107,17,20,32,21,36,39,121,101,5,90,71,48,57,105,52,119,59,54,9,13,95,12,66,22,46,92,19,117,34,53,16,30,33,26,99,18,42,62,67,47,24,31,35,83,88,93,76,11,86,78,94,23,14,28|_G470682]
  102		 8165.6169362175		[115,37,91,98,72,73,8,56,55,51,74,64,80,102,81,100,110,122,118,112,97,109,128,60,123,63,87,85,68,25,6,96,69,103,106,126,0,44,75,108,10,4,15,127,104,61,111,38,1,79,45,3,41,50,43,120,77,89,124,84,65,29,58,27,114,82,116,40,49,129,70,2,113,125,7,107,17,20,32,21,36,39,121,101,5,90,71,48,57,105,52,119,59,54,9,13,95,12,66,22,46,92,19,117,34,53,16,30,33,26,99,18,42,62,67,47,24,31,35,83,88,93,76,11,86,78,94,23,14,28|_G470682]
  103		 8165.6169362175		[115,37,91,98,72,73,8,56,55,51,74,64,80,102,81,100,110,122,118,112,97,109,128,60,123,63,87,85,68,25,6,96,69,103,106,126,0,44,75,108,10,4,15,127,104,61,111,38,1,79,45,3,41,50,43,120,77,89,124,84,65,29,58,27,114,82,116,40,49,129,70,2,113,125,7,107,17,20,32,21,36,39,121,101,5,90,71,48,57,105,52,119,59,54,9,13,95,12,66,22,46,92,19,117,34,53,16,30,33,26,99,18,42,62,67,47,24,31,35,83,88,93,76,11,86,78,94,23,14,28|_G470682]
  104		 8165.6169362175		[115,37,91,98,72,73,8,56,55,51,74,64,80,102,81,100,110,122,118,112,97,109,128,60,123,63,87,85,68,25,6,96,69,103,106,126,0,44,75,108,10,4,15,127,104,61,111,38,1,79,45,3,41,50,43,120,77,89,124,84,65,29,58,27,114,82,116,40,49,129,70,2,113,125,7,107,17,20,32,21,36,39,121,101,5,90,71,48,57,105,52,119,59,54,9,13,95,12,66,22,46,92,19,117,34,53,16,30,33,26,99,18,42,62,67,47,24,31,35,83,88,93,76,11,86,78,94,23,14,28|_G470682]
  105		 8165.6169362175		[115,37,91,98,72,73,8,56,55,51,74,64,80,102,81,100,110,122,118,112,97,109,128,60,123,63,87,85,68,25,6,96,69,103,106,126,0,44,75,108,10,4,15,127,104,61,111,38,1,79,45,3,41,50,43,120,77,89,124,84,65,29,58,27,114,82,116,40,49,129,70,2,113,125,7,107,17,20,32,21,36,39,121,101,5,90,71,48,57,105,52,119,59,54,9,13,95,12,66,22,46,92,19,117,34,53,16,30,33,26,99,18,42,62,67,47,24,31,35,83,88,93,76,11,86,78,94,23,14,28|_G470682]
  106		 8165.6169362175		[115,37,91,98,72,73,8,56,55,51,74,64,80,102,81,100,110,122,118,112,97,109,128,60,123,63,87,85,68,25,6,96,69,103,106,126,0,44,75,108,10,4,15,127,104,61,111,38,1,79,45,3,41,50,43,120,77,89,124,84,65,29,58,27,114,82,116,40,49,129,70,2,113,125,7,107,17,20,32,21,36,39,121,101,5,90,71,48,57,105,52,119,59,54,9,13,95,12,66,22,46,92,19,117,34,53,16,30,33,26,99,18,42,62,67,47,24,31,35,83,88,93,76,11,86,78,94,23,14,28|_G470682]
  107		 8167.7321013689		[115,37,91,98,72,73,51,74,64,80,102,8,56,55,81,100,110,122,118,112,97,109,128,60,123,63,87,85,68,25,6,96,69,62,106,126,0,44,75,108,10,4,15,127,104,61,111,38,40,79,45,3,41,59,43,120,77,89,65,84,124,58,29,82,114,27,116,1,49,129,70,2,113,125,7,107,17,32,20,21,36,39,121,101,5,90,71,48,57,105,52,119,50,54,9,13,66,12,95,22,46,92,19,117,34,53,16,30,33,26,99,18,42,103,67,47,24,31,35,83,88,93,76,11,86,78,94,14,28,23|_G470682]
  108		 8167.7321013689		[115,37,91,98,72,73,51,74,64,80,102,8,56,55,81,100,110,122,118,112,97,109,128,60,123,63,87,85,68,25,6,96,69,62,106,126,0,44,75,108,10,4,15,127,104,61,111,38,40,79,45,3,41,59,43,120,77,89,65,84,124,58,29,82,114,27,116,1,49,129,70,2,113,125,7,107,17,32,20,21,36,39,121,101,5,90,71,48,57,105,52,119,50,54,9,13,66,12,95,22,46,92,19,117,34,53,16,30,33,26,99,18,42,103,67,47,24,31,35,83,88,93,76,11,86,78,94,14,28,23|_G470682]
  109		 8167.8800462056		[115,37,91,98,72,73,51,74,64,80,102,8,56,55,81,100,110,122,118,112,97,109,128,60,123,63,87,85,68,25,6,96,69,62,106,126,0,44,75,108,10,4,15,127,104,61,111,38,40,79,45,3,41,59,43,120,77,89,124,84,65,58,29,82,114,27,116,1,49,129,70,2,113,125,7,107,17,32,20,21,36,39,121,101,5,90,71,48,57,105,52,119,50,54,9,13,66,12,95,22,46,92,19,117,34,53,16,30,33,26,99,18,42,103,67,47,24,31,35,83,88,93,76,11,86,78,94,14,28,23|_G470682]
  110		 8167.8800462056		[115,37,91,98,72,73,51,74,64,80,102,8,56,55,81,100,110,122,118,112,97,109,128,60,123,63,87,85,68,25,6,96,69,62,106,126,0,44,75,108,10,4,15,127,104,61,111,38,40,79,45,3,41,59,43,120,77,89,124,84,65,58,29,82,114,27,116,1,49,129,70,2,113,125,7,107,17,32,20,21,36,39,121,101,5,90,71,48,57,105,52,119,50,54,9,13,66,12,95,22,46,92,19,117,34,53,16,30,33,26,99,18,42,103,67,47,24,31,35,83,88,93,76,11,86,78,94,14,28,23|_G470682]
  111		 8167.8800462056		[115,37,91,98,72,73,51,74,64,80,102,8,56,55,81,100,110,122,118,112,97,109,128,60,123,63,87,85,68,25,6,96,69,62,106,126,0,44,75,108,10,4,15,127,104,61,111,38,40,79,45,3,41,59,43,120,77,89,124,84,65,58,29,82,114,27,116,1,49,129,70,2,113,125,7,107,17,32,20,21,36,39,121,101,5,90,71,48,57,105,52,119,50,54,9,13,66,12,95,22,46,92,19,117,34,53,16,30,33,26,99,18,42,103,67,47,24,31,35,83,88,93,76,11,86,78,94,14,28,23|_G470682]
  112		 8167.8800462056		[115,37,91,98,72,73,51,74,64,80,102,8,56,55,81,100,110,122,118,112,97,109,128,60,123,63,87,85,68,25,6,96,69,62,106,126,0,44,75,108,10,4,15,127,104,61,111,38,40,79,45,3,41,59,43,120,77,89,124,84,65,58,29,82,114,27,116,1,49,129,70,2,113,125,7,107,17,32,20,21,36,39,121,101,5,90,71,48,57,105,52,119,50,54,9,13,66,12,95,22,46,92,19,117,34,53,16,30,33,26,99,18,42,103,67,47,24,31,35,83,88,93,76,11,86,78,94,14,28,23|_G470682]
  113		 8167.8800462056		[115,37,91,98,72,73,51,74,64,80,102,8,56,55,81,100,110,122,118,112,97,109,128,60,123,63,87,85,68,25,6,96,69,62,106,126,0,44,75,108,10,4,15,127,104,61,111,38,40,79,45,3,41,59,43,120,77,89,124,84,65,58,29,82,114,27,116,1,49,129,70,2,113,125,7,107,17,32,20,21,36,39,121,101,5,90,71,48,57,105,52,119,50,54,9,13,66,12,95,22,46,92,19,117,34,53,16,30,33,26,99,18,42,103,67,47,24,31,35,83,88,93,76,11,86,78,94,14,28,23|_G470682]
  114		 8167.8800462056		[115,37,91,98,72,73,51,74,64,80,102,8,56,55,81,100,110,122,118,112,97,109,128,60,123,63,87,85,68,25,6,96,69,62,106,126,0,44,75,108,10,4,15,127,104,61,111,38,40,79,45,3,41,59,43,120,77,89,124,84,65,58,29,82,114,27,116,1,49,129,70,2,113,125,7,107,17,32,20,21,36,39,121,101,5,90,71,48,57,105,52,119,50,54,9,13,66,12,95,22,46,92,19,117,34,53,16,30,33,26,99,18,42,103,67,47,24,31,35,83,88,93,76,11,86,78,94,14,28,23|_G470682]
  115		 8167.8800462056		[115,37,91,98,72,73,51,74,64,80,102,8,56,55,81,100,110,122,118,112,97,109,128,60,123,63,87,85,68,25,6,96,69,62,106,126,0,44,75,108,10,4,15,127,104,61,111,38,40,79,45,3,41,59,43,120,77,89,124,84,65,58,29,82,114,27,116,1,49,129,70,2,113,125,7,107,17,32,20,21,36,39,121,101,5,90,71,48,57,105,52,119,50,54,9,13,66,12,95,22,46,92,19,117,34,53,16,30,33,26,99,18,42,103,67,47,24,31,35,83,88,93,76,11,86,78,94,14,28,23|_G470682]
  116		 8167.8800462056		[115,37,91,98,72,73,51,74,64,80,102,8,56,55,81,100,110,122,118,112,97,109,128,60,123,63,87,85,68,25,6,96,69,62,106,126,0,44,75,108,10,4,15,127,104,61,111,38,40,79,45,3,41,59,43,120,77,89,124,84,65,58,29,82,114,27,116,1,49,129,70,2,113,125,7,107,17,32,20,21,36,39,121,101,5,90,71,48,57,105,52,119,50,54,9,13,66,12,95,22,46,92,19,117,34,53,16,30,33,26,99,18,42,103,67,47,24,31,35,83,88,93,76,11,86,78,94,14,28,23|_G470682]
  117		 8167.8800462056		[115,37,91,98,72,73,51,74,64,80,102,8,56,55,81,100,110,122,118,112,97,109,128,60,123,63,87,85,68,25,6,96,69,62,106,126,0,44,75,108,10,4,15,127,104,61,111,38,40,79,45,3,41,59,43,120,77,89,124,84,65,58,29,82,114,27,116,1,49,129,70,2,113,125,7,107,17,32,20,21,36,39,121,101,5,90,71,48,57,105,52,119,50,54,9,13,66,12,95,22,46,92,19,117,34,53,16,30,33,26,99,18,42,103,67,47,24,31,35,83,88,93,76,11,86,78,94,14,28,23|_G470682]
  118		 8167.8800462056		[115,37,91,98,72,73,51,74,64,80,102,8,56,55,81,100,110,122,118,112,97,109,128,60,123,63,87,85,68,25,6,96,69,62,106,126,0,44,75,108,10,4,15,127,104,61,111,38,40,79,45,3,41,59,43,120,77,89,124,84,65,58,29,82,114,27,116,1,49,129,70,2,113,125,7,107,17,32,20,21,36,39,121,101,5,90,71,48,57,105,52,119,50,54,9,13,66,12,95,22,46,92,19,117,34,53,16,30,33,26,99,18,42,103,67,47,24,31,35,83,88,93,76,11,86,78,94,14,28,23|_G470682]
  119		 8167.8800462056		[115,37,91,98,72,73,51,74,64,80,102,8,56,55,81,100,110,122,118,112,97,109,128,60,123,63,87,85,68,25,6,96,69,62,106,126,0,44,75,108,10,4,15,127,104,61,111,38,40,79,45,3,41,59,43,120,77,89,124,84,65,58,29,82,114,27,116,1,49,129,70,2,113,125,7,107,17,32,20,21,36,39,121,101,5,90,71,48,57,105,52,119,50,54,9,13,66,12,95,22,46,92,19,117,34,53,16,30,33,26,99,18,42,103,67,47,24,31,35,83,88,93,76,11,86,78,94,14,28,23|_G470682]
  120		 8167.8800462056		[115,37,91,98,72,73,51,74,64,80,102,8,56,55,81,100,110,122,118,112,97,109,128,60,123,63,87,85,68,25,6,96,69,62,106,126,0,44,75,108,10,4,15,127,104,61,111,38,40,79,45,3,41,59,43,120,77,89,124,84,65,58,29,82,114,27,116,1,49,129,70,2,113,125,7,107,17,32,20,21,36,39,121,101,5,90,71,48,57,105,52,119,50,54,9,13,66,12,95,22,46,92,19,117,34,53,16,30,33,26,99,18,42,103,67,47,24,31,35,83,88,93,76,11,86,78,94,14,28,23|_G470682]
  121		 8167.8800462056		[115,37,91,98,72,73,51,74,64,80,102,8,56,55,81,100,110,122,118,112,97,109,128,60,123,63,87,85,68,25,6,96,69,62,106,126,0,44,75,108,10,4,15,127,104,61,111,38,40,79,45,3,41,59,43,120,77,89,124,84,65,58,29,82,114,27,116,1,49,129,70,2,113,125,7,107,17,32,20,21,36,39,121,101,5,90,71,48,57,105,52,119,50,54,9,13,66,12,95,22,46,92,19,117,34,53,16,30,33,26,99,18,42,103,67,47,24,31,35,83,88,93,76,11,86,78,94,14,28,23|_G470682]
  122		 8167.8800462056		[115,37,91,98,72,73,51,74,64,80,102,8,56,55,81,100,110,122,118,112,97,109,128,60,123,63,87,85,68,25,6,96,69,62,106,126,0,44,75,108,10,4,15,127,104,61,111,38,40,79,45,3,41,59,43,120,77,89,124,84,65,58,29,82,114,27,116,1,49,129,70,2,113,125,7,107,17,32,20,21,36,39,121,101,5,90,71,48,57,105,52,119,50,54,9,13,66,12,95,22,46,92,19,117,34,53,16,30,33,26,99,18,42,103,67,47,24,31,35,83,88,93,76,11,86,78,94,14,28,23|_G470682]
  123		 8167.8800462056		[115,37,91,98,72,73,51,74,64,80,102,8,56,55,81,100,110,122,118,112,97,109,128,60,123,63,87,85,68,25,6,96,69,62,106,126,0,44,75,108,10,4,15,127,104,61,111,38,40,79,45,3,41,59,43,120,77,89,124,84,65,58,29,82,114,27,116,1,49,129,70,2,113,125,7,107,17,32,20,21,36,39,121,101,5,90,71,48,57,105,52,119,50,54,9,13,66,12,95,22,46,92,19,117,34,53,16,30,33,26,99,18,42,103,67,47,24,31,35,83,88,93,76,11,86,78,94,14,28,23|_G470682]
  124		 8167.8800462056		[115,37,91,98,72,73,51,74,64,80,102,8,56,55,81,100,110,122,118,112,97,109,128,60,123,63,87,85,68,25,6,96,69,62,106,126,0,44,75,108,10,4,15,127,104,61,111,38,40,79,45,3,41,59,43,120,77,89,124,84,65,58,29,82,114,27,116,1,49,129,70,2,113,125,7,107,17,32,20,21,36,39,121,101,5,90,71,48,57,105,52,119,50,54,9,13,66,12,95,22,46,92,19,117,34,53,16,30,33,26,99,18,42,103,67,47,24,31,35,83,88,93,76,11,86,78,94,14,28,23|_G470682]
  125		 8167.8800462056		[115,37,91,98,72,73,51,74,64,80,102,8,56,55,81,100,110,122,118,112,97,109,128,60,123,63,87,85,68,25,6,96,69,62,106,126,0,44,75,108,10,4,15,127,104,61,111,38,40,79,45,3,41,59,43,120,77,89,124,84,65,58,29,82,114,27,116,1,49,129,70,2,113,125,7,107,17,32,20,21,36,39,121,101,5,90,71,48,57,105,52,119,50,54,9,13,66,12,95,22,46,92,19,117,34,53,16,30,33,26,99,18,42,103,67,47,24,31,35,83,88,93,76,11,86,78,94,14,28,23|_G470682]
  126		 8167.8800462056		[115,37,91,98,72,73,51,74,64,80,102,8,56,55,81,100,110,122,118,112,97,109,128,60,123,63,87,85,68,25,6,96,69,62,106,126,0,44,75,108,10,4,15,127,104,61,111,38,40,79,45,3,41,59,43,120,77,89,124,84,65,58,29,82,114,27,116,1,49,129,70,2,113,125,7,107,17,32,20,21,36,39,121,101,5,90,71,48,57,105,52,119,50,54,9,13,66,12,95,22,46,92,19,117,34,53,16,30,33,26,99,18,42,103,67,47,24,31,35,83,88,93,76,11,86,78,94,14,28,23|_G470682]
  127		 8167.8800462056		[115,37,91,98,72,73,51,74,64,80,102,8,56,55,81,100,110,122,118,112,97,109,128,60,123,63,87,85,68,25,6,96,69,62,106,126,0,44,75,108,10,4,15,127,104,61,111,38,40,79,45,3,41,59,43,120,77,89,124,84,65,58,29,82,114,27,116,1,49,129,70,2,113,125,7,107,17,32,20,21,36,39,121,101,5,90,71,48,57,105,52,119,50,54,9,13,66,12,95,22,46,92,19,117,34,53,16,30,33,26,99,18,42,103,67,47,24,31,35,83,88,93,76,11,86,78,94,14,28,23|_G470682]
  128		 8167.8800462056		[115,37,91,98,72,73,51,74,64,80,102,8,56,55,81,100,110,122,118,112,97,109,128,60,123,63,87,85,68,25,6,96,69,62,106,126,0,44,75,108,10,4,15,127,104,61,111,38,40,79,45,3,41,59,43,120,77,89,124,84,65,58,29,82,114,27,116,1,49,129,70,2,113,125,7,107,17,32,20,21,36,39,121,101,5,90,71,48,57,105,52,119,50,54,9,13,66,12,95,22,46,92,19,117,34,53,16,30,33,26,99,18,42,103,67,47,24,31,35,83,88,93,76,11,86,78,94,14,28,23|_G470682]
  129		 8167.8800462056		[115,37,91,98,72,73,51,74,64,80,102,8,56,55,81,100,110,122,118,112,97,109,128,60,123,63,87,85,68,25,6,96,69,62,106,126,0,44,75,108,10,4,15,127,104,61,111,38,40,79,45,3,41,59,43,120,77,89,124,84,65,58,29,82,114,27,116,1,49,129,70,2,113,125,7,107,17,32,20,21,36,39,121,101,5,90,71,48,57,105,52,119,50,54,9,13,66,12,95,22,46,92,19,117,34,53,16,30,33,26,99,18,42,103,67,47,24,31,35,83,88,93,76,11,86,78,94,14,28,23|_G470682]
  130		 8167.8800462056		[115,37,91,98,72,73,51,74,64,80,102,8,56,55,81,100,110,122,118,112,97,109,128,60,123,63,87,85,68,25,6,96,69,62,106,126,0,44,75,108,10,4,15,127,104,61,111,38,40,79,45,3,41,59,43,120,77,89,124,84,65,58,29,82,114,27,116,1,49,129,70,2,113,125,7,107,17,32,20,21,36,39,121,101,5,90,71,48,57,105,52,119,50,54,9,13,66,12,95,22,46,92,19,117,34,53,16,30,33,26,99,18,42,103,67,47,24,31,35,83,88,93,76,11,86,78,94,14,28,23|_G470682]
  131		 8167.8800462056		[115,37,91,98,72,73,51,74,64,80,102,8,56,55,81,100,110,122,118,112,97,109,128,60,123,63,87,85,68,25,6,96,69,62,106,126,0,44,75,108,10,4,15,127,104,61,111,38,40,79,45,3,41,59,43,120,77,89,124,84,65,58,29,82,114,27,116,1,49,129,70,2,113,125,7,107,17,32,20,21,36,39,121,101,5,90,71,48,57,105,52,119,50,54,9,13,66,12,95,22,46,92,19,117,34,53,16,30,33,26,99,18,42,103,67,47,24,31,35,83,88,93,76,11,86,78,94,14,28,23|_G470682]
  132		 8167.8800462056		[115,37,91,98,72,73,51,74,64,80,102,8,56,55,81,100,110,122,118,112,97,109,128,60,123,63,87,85,68,25,6,96,69,62,106,126,0,44,75,108,10,4,15,127,104,61,111,38,40,79,45,3,41,59,43,120,77,89,124,84,65,58,29,82,114,27,116,1,49,129,70,2,113,125,7,107,17,32,20,21,36,39,121,101,5,90,71,48,57,105,52,119,50,54,9,13,66,12,95,22,46,92,19,117,34,53,16,30,33,26,99,18,42,103,67,47,24,31,35,83,88,93,76,11,86,78,94,14,28,23|_G470682]
  133		 8167.8800462056		[115,37,91,98,72,73,51,74,64,80,102,8,56,55,81,100,110,122,118,112,97,109,128,60,123,63,87,85,68,25,6,96,69,62,106,126,0,44,75,108,10,4,15,127,104,61,111,38,40,79,45,3,41,59,43,120,77,89,124,84,65,58,29,82,114,27,116,1,49,129,70,2,113,125,7,107,17,32,20,21,36,39,121,101,5,90,71,48,57,105,52,119,50,54,9,13,66,12,95,22,46,92,19,117,34,53,16,30,33,26,99,18,42,103,67,47,24,31,35,83,88,93,76,11,86,78,94,14,28,23|_G470682]
  134		 8167.8800462056		[115,37,91,98,72,73,51,74,64,80,102,8,56,55,81,100,110,122,118,112,97,109,128,60,123,63,87,85,68,25,6,96,69,62,106,126,0,44,75,108,10,4,15,127,104,61,111,38,40,79,45,3,41,59,43,120,77,89,124,84,65,58,29,82,114,27,116,1,49,129,70,2,113,125,7,107,17,32,20,21,36,39,121,101,5,90,71,48,57,105,52,119,50,54,9,13,66,12,95,22,46,92,19,117,34,53,16,30,33,26,99,18,42,103,67,47,24,31,35,83,88,93,76,11,86,78,94,14,28,23|_G470682]
  135		 8167.8800462056		[115,37,91,98,72,73,51,74,64,80,102,8,56,55,81,100,110,122,118,112,97,109,128,60,123,63,87,85,68,25,6,96,69,62,106,126,0,44,75,108,10,4,15,127,104,61,111,38,40,79,45,3,41,59,43,120,77,89,124,84,65,58,29,82,114,27,116,1,49,129,70,2,113,125,7,107,17,32,20,21,36,39,121,101,5,90,71,48,57,105,52,119,50,54,9,13,66,12,95,22,46,92,19,117,34,53,16,30,33,26,99,18,42,103,67,47,24,31,35,83,88,93,76,11,86,78,94,14,28,23|_G470682]
  136		 8167.8800462056		[115,37,91,98,72,73,51,74,64,80,102,8,56,55,81,100,110,122,118,112,97,109,128,60,123,63,87,85,68,25,6,96,69,62,106,126,0,44,75,108,10,4,15,127,104,61,111,38,40,79,45,3,41,59,43,120,77,89,124,84,65,58,29,82,114,27,116,1,49,129,70,2,113,125,7,107,17,32,20,21,36,39,121,101,5,90,71,48,57,105,52,119,50,54,9,13,66,12,95,22,46,92,19,117,34,53,16,30,33,26,99,18,42,103,67,47,24,31,35,83,88,93,76,11,86,78,94,14,28,23|_G470682]
  137		 8167.9321374550		[115,37,91,98,72,73,51,74,64,80,102,8,56,55,81,100,110,122,118,112,97,109,128,60,123,63,87,85,68,25,6,96,69,62,106,126,0,44,75,108,10,4,15,127,104,61,111,38,40,79,45,3,41,59,43,120,77,89,124,84,65,58,29,82,114,27,116,1,49,129,70,2,113,125,7,107,17,32,20,21,36,39,121,101,5,90,71,48,57,105,52,119,50,54,9,13,66,12,95,22,46,92,19,117,34,53,16,30,33,26,99,18,42,103,67,47,24,31,35,83,88,93,76,11,86,78,94,23,14,28|_G470682]
  138		 8167.9321374550		[115,37,91,98,72,73,51,74,64,80,102,8,56,55,81,100,110,122,118,112,97,109,128,60,123,63,87,85,68,25,6,96,69,62,106,126,0,44,75,108,10,4,15,127,104,61,111,38,40,79,45,3,41,59,43,120,77,89,124,84,65,58,29,82,114,27,116,1,49,129,70,2,113,125,7,107,17,32,20,21,36,39,121,101,5,90,71,48,57,105,52,119,50,54,9,13,66,12,95,22,46,92,19,117,34,53,16,30,33,26,99,18,42,103,67,47,24,31,35,83,88,93,76,11,86,78,94,23,14,28|_G470682]
  139		 8168.7775925064		[115,37,91,98,72,73,8,56,55,51,74,64,81,100,110,122,118,112,97,109,128,60,123,63,87,85,68,25,6,96,62,69,106,126,0,44,75,108,10,4,15,127,104,61,111,38,40,79,45,3,41,59,43,120,77,89,124,84,65,58,29,82,114,27,116,1,49,129,70,2,113,125,7,107,17,32,20,21,36,39,121,101,5,90,71,48,57,105,52,119,50,54,9,13,66,12,95,22,46,92,19,117,34,53,16,30,33,26,99,18,42,103,67,47,24,31,35,83,88,93,76,80,102,11,86,78,94,28,14,23|_G470682]
  140		 8168.7775925064		[115,37,91,98,72,73,8,56,55,51,74,64,81,100,110,122,118,112,97,109,128,60,123,63,87,85,68,25,6,96,62,69,106,126,0,44,75,108,10,4,15,127,104,61,111,38,40,79,45,3,41,59,43,120,77,89,124,84,65,58,29,82,114,27,116,1,49,129,70,2,113,125,7,107,17,32,20,21,36,39,121,101,5,90,71,48,57,105,52,119,50,54,9,13,66,12,95,22,46,92,19,117,34,53,16,30,33,26,99,18,42,103,67,47,24,31,35,83,88,93,76,80,102,11,86,78,94,28,14,23|_G470682]
  141		 8168.7775925064		[115,37,91,98,72,73,8,56,55,51,74,64,81,100,110,122,118,112,97,109,128,60,123,63,87,85,68,25,6,96,62,69,106,126,0,44,75,108,10,4,15,127,104,61,111,38,40,79,45,3,41,59,43,120,77,89,124,84,65,58,29,82,114,27,116,1,49,129,70,2,113,125,7,107,17,32,20,21,36,39,121,101,5,90,71,48,57,105,52,119,50,54,9,13,66,12,95,22,46,92,19,117,34,53,16,30,33,26,99,18,42,103,67,47,24,31,35,83,88,93,76,80,102,11,86,78,94,28,14,23|_G470682]
  142		 8168.7775925064		[115,37,91,98,72,73,8,56,55,51,74,64,81,100,110,122,118,112,97,109,128,60,123,63,87,85,68,25,6,96,62,69,106,126,0,44,75,108,10,4,15,127,104,61,111,38,40,79,45,3,41,59,43,120,77,89,124,84,65,58,29,82,114,27,116,1,49,129,70,2,113,125,7,107,17,32,20,21,36,39,121,101,5,90,71,48,57,105,52,119,50,54,9,13,66,12,95,22,46,92,19,117,34,53,16,30,33,26,99,18,42,103,67,47,24,31,35,83,88,93,76,80,102,11,86,78,94,28,14,23|_G470682]
  143		 8168.7775925064		[115,37,91,98,72,73,8,56,55,51,74,64,81,100,110,122,118,112,97,109,128,60,123,63,87,85,68,25,6,96,62,69,106,126,0,44,75,108,10,4,15,127,104,61,111,38,40,79,45,3,41,59,43,120,77,89,124,84,65,58,29,82,114,27,116,1,49,129,70,2,113,125,7,107,17,32,20,21,36,39,121,101,5,90,71,48,57,105,52,119,50,54,9,13,66,12,95,22,46,92,19,117,34,53,16,30,33,26,99,18,42,103,67,47,24,31,35,83,88,93,76,80,102,11,86,78,94,28,14,23|_G470682]
  144		 8168.7775925064		[115,37,91,98,72,73,8,56,55,51,74,64,81,100,110,122,118,112,97,109,128,60,123,63,87,85,68,25,6,96,62,69,106,126,0,44,75,108,10,4,15,127,104,61,111,38,40,79,45,3,41,59,43,120,77,89,124,84,65,58,29,82,114,27,116,1,49,129,70,2,113,125,7,107,17,32,20,21,36,39,121,101,5,90,71,48,57,105,52,119,50,54,9,13,66,12,95,22,46,92,19,117,34,53,16,30,33,26,99,18,42,103,67,47,24,31,35,83,88,93,76,80,102,11,86,78,94,28,14,23|_G470682]
  145		 8168.7775925064		[115,37,91,98,72,73,8,56,55,51,74,64,81,100,110,122,118,112,97,109,128,60,123,63,87,85,68,25,6,96,62,69,106,126,0,44,75,108,10,4,15,127,104,61,111,38,40,79,45,3,41,59,43,120,77,89,124,84,65,58,29,82,114,27,116,1,49,129,70,2,113,125,7,107,17,32,20,21,36,39,121,101,5,90,71,48,57,105,52,119,50,54,9,13,66,12,95,22,46,92,19,117,34,53,16,30,33,26,99,18,42,103,67,47,24,31,35,83,88,93,76,80,102,11,86,78,94,28,14,23|_G470682]
  146		 8168.7775925064		[115,37,91,98,72,73,8,56,55,51,74,64,81,100,110,122,118,112,97,109,128,60,123,63,87,85,68,25,6,96,62,69,106,126,0,44,75,108,10,4,15,127,104,61,111,38,40,79,45,3,41,59,43,120,77,89,124,84,65,58,29,82,114,27,116,1,49,129,70,2,113,125,7,107,17,32,20,21,36,39,121,101,5,90,71,48,57,105,52,119,50,54,9,13,66,12,95,22,46,92,19,117,34,53,16,30,33,26,99,18,42,103,67,47,24,31,35,83,88,93,76,80,102,11,86,78,94,28,14,23|_G470682]
  147		 8168.7775925064		[115,37,91,98,72,73,8,56,55,51,74,64,81,100,110,122,118,112,97,109,128,60,123,63,87,85,68,25,6,96,62,69,106,126,0,44,75,108,10,4,15,127,104,61,111,38,40,79,45,3,41,59,43,120,77,89,124,84,65,58,29,82,114,27,116,1,49,129,70,2,113,125,7,107,17,32,20,21,36,39,121,101,5,90,71,48,57,105,52,119,50,54,9,13,66,12,95,22,46,92,19,117,34,53,16,30,33,26,99,18,42,103,67,47,24,31,35,83,88,93,76,80,102,11,86,78,94,28,14,23|_G470682]
  148		 8168.7775925064		[115,37,91,98,72,73,8,56,55,51,74,64,81,100,110,122,118,112,97,109,128,60,123,63,87,85,68,25,6,96,62,69,106,126,0,44,75,108,10,4,15,127,104,61,111,38,40,79,45,3,41,59,43,120,77,89,124,84,65,58,29,82,114,27,116,1,49,129,70,2,113,125,7,107,17,32,20,21,36,39,121,101,5,90,71,48,57,105,52,119,50,54,9,13,66,12,95,22,46,92,19,117,34,53,16,30,33,26,99,18,42,103,67,47,24,31,35,83,88,93,76,80,102,11,86,78,94,28,14,23|_G470682]
  149		 8168.7775925064		[115,37,91,98,72,73,8,56,55,51,74,64,81,100,110,122,118,112,97,109,128,60,123,63,87,85,68,25,6,96,62,69,106,126,0,44,75,108,10,4,15,127,104,61,111,38,40,79,45,3,41,59,43,120,77,89,124,84,65,58,29,82,114,27,116,1,49,129,70,2,113,125,7,107,17,32,20,21,36,39,121,101,5,90,71,48,57,105,52,119,50,54,9,13,66,12,95,22,46,92,19,117,34,53,16,30,33,26,99,18,42,103,67,47,24,31,35,83,88,93,76,80,102,11,86,78,94,28,14,23|_G470682]
  150		 8168.7775925064		[115,37,91,98,72,73,8,56,55,51,74,64,81,100,110,122,118,112,97,109,128,60,123,63,87,85,68,25,6,96,62,69,106,126,0,44,75,108,10,4,15,127,104,61,111,38,40,79,45,3,41,59,43,120,77,89,124,84,65,58,29,82,114,27,116,1,49,129,70,2,113,125,7,107,17,32,20,21,36,39,121,101,5,90,71,48,57,105,52,119,50,54,9,13,66,12,95,22,46,92,19,117,34,53,16,30,33,26,99,18,42,103,67,47,24,31,35,83,88,93,76,80,102,11,86,78,94,28,14,23|_G470682]
  151		 8168.7775925064		[115,37,91,98,72,73,8,56,55,51,74,64,81,100,110,122,118,112,97,109,128,60,123,63,87,85,68,25,6,96,62,69,106,126,0,44,75,108,10,4,15,127,104,61,111,38,40,79,45,3,41,59,43,120,77,89,124,84,65,58,29,82,114,27,116,1,49,129,70,2,113,125,7,107,17,32,20,21,36,39,121,101,5,90,71,48,57,105,52,119,50,54,9,13,66,12,95,22,46,92,19,117,34,53,16,30,33,26,99,18,42,103,67,47,24,31,35,83,88,93,76,80,102,11,86,78,94,28,14,23|_G470682]
  152		 8168.7775925064		[115,37,91,98,72,73,8,56,55,51,74,64,81,100,110,122,118,112,97,109,128,60,123,63,87,85,68,25,6,96,62,69,106,126,0,44,75,108,10,4,15,127,104,61,111,38,40,79,45,3,41,59,43,120,77,89,124,84,65,58,29,82,114,27,116,1,49,129,70,2,113,125,7,107,17,32,20,21,36,39,121,101,5,90,71,48,57,105,52,119,50,54,9,13,66,12,95,22,46,92,19,117,34,53,16,30,33,26,99,18,42,103,67,47,24,31,35,83,88,93,76,80,102,11,86,78,94,28,14,23|_G470682]
  153		 8168.7775925064		[115,37,91,98,72,73,8,56,55,51,74,64,81,100,110,122,118,112,97,109,128,60,123,63,87,85,68,25,6,96,62,69,106,126,0,44,75,108,10,4,15,127,104,61,111,38,40,79,45,3,41,59,43,120,77,89,124,84,65,58,29,82,114,27,116,1,49,129,70,2,113,125,7,107,17,32,20,21,36,39,121,101,5,90,71,48,57,105,52,119,50,54,9,13,66,12,95,22,46,92,19,117,34,53,16,30,33,26,99,18,42,103,67,47,24,31,35,83,88,93,76,80,102,11,86,78,94,28,14,23|_G470682]
  154		 8168.7775925064		[115,37,91,98,72,73,8,56,55,51,74,64,81,100,110,122,118,112,97,109,128,60,123,63,87,85,68,25,6,96,62,69,106,126,0,44,75,108,10,4,15,127,104,61,111,38,40,79,45,3,41,59,43,120,77,89,124,84,65,58,29,82,114,27,116,1,49,129,70,2,113,125,7,107,17,32,20,21,36,39,121,101,5,90,71,48,57,105,52,119,50,54,9,13,66,12,95,22,46,92,19,117,34,53,16,30,33,26,99,18,42,103,67,47,24,31,35,83,88,93,76,80,102,11,86,78,94,28,14,23|_G470682]
  155		 8168.7775925064		[115,37,91,98,72,73,8,56,55,51,74,64,81,100,110,122,118,112,97,109,128,60,123,63,87,85,68,25,6,96,62,69,106,126,0,44,75,108,10,4,15,127,104,61,111,38,40,79,45,3,41,59,43,120,77,89,124,84,65,58,29,82,114,27,116,1,49,129,70,2,113,125,7,107,17,32,20,21,36,39,121,101,5,90,71,48,57,105,52,119,50,54,9,13,66,12,95,22,46,92,19,117,34,53,16,30,33,26,99,18,42,103,67,47,24,31,35,83,88,93,76,80,102,11,86,78,94,28,14,23|_G470682]
  156		 8168.7775925064		[115,37,91,98,72,73,8,56,55,51,74,64,81,100,110,122,118,112,97,109,128,60,123,63,87,85,68,25,6,96,62,69,106,126,0,44,75,108,10,4,15,127,104,61,111,38,40,79,45,3,41,59,43,120,77,89,124,84,65,58,29,82,114,27,116,1,49,129,70,2,113,125,7,107,17,32,20,21,36,39,121,101,5,90,71,48,57,105,52,119,50,54,9,13,66,12,95,22,46,92,19,117,34,53,16,30,33,26,99,18,42,103,67,47,24,31,35,83,88,93,76,80,102,11,86,78,94,28,14,23|_G470682]
  157		 8168.7775925064		[115,37,91,98,72,73,8,56,55,51,74,64,81,100,110,122,118,112,97,109,128,60,123,63,87,85,68,25,6,96,62,69,106,126,0,44,75,108,10,4,15,127,104,61,111,38,40,79,45,3,41,59,43,120,77,89,124,84,65,58,29,82,114,27,116,1,49,129,70,2,113,125,7,107,17,32,20,21,36,39,121,101,5,90,71,48,57,105,52,119,50,54,9,13,66,12,95,22,46,92,19,117,34,53,16,30,33,26,99,18,42,103,67,47,24,31,35,83,88,93,76,80,102,11,86,78,94,28,14,23|_G470682]
  158		 8168.7775925064		[115,37,91,98,72,73,8,56,55,51,74,64,81,100,110,122,118,112,97,109,128,60,123,63,87,85,68,25,6,96,62,69,106,126,0,44,75,108,10,4,15,127,104,61,111,38,40,79,45,3,41,59,43,120,77,89,124,84,65,58,29,82,114,27,116,1,49,129,70,2,113,125,7,107,17,32,20,21,36,39,121,101,5,90,71,48,57,105,52,119,50,54,9,13,66,12,95,22,46,92,19,117,34,53,16,30,33,26,99,18,42,103,67,47,24,31,35,83,88,93,76,80,102,11,86,78,94,28,14,23|_G470682]
  159		 8168.7775925064		[115,37,91,98,72,73,8,56,55,51,74,64,81,100,110,122,118,112,97,109,128,60,123,63,87,85,68,25,6,96,62,69,106,126,0,44,75,108,10,4,15,127,104,61,111,38,40,79,45,3,41,59,43,120,77,89,124,84,65,58,29,82,114,27,116,1,49,129,70,2,113,125,7,107,17,32,20,21,36,39,121,101,5,90,71,48,57,105,52,119,50,54,9,13,66,12,95,22,46,92,19,117,34,53,16,30,33,26,99,18,42,103,67,47,24,31,35,83,88,93,76,80,102,11,86,78,94,28,14,23|_G470682]
  160		 8168.7775925064		[115,37,91,98,72,73,8,56,55,51,74,64,81,100,110,122,118,112,97,109,128,60,123,63,87,85,68,25,6,96,62,69,106,126,0,44,75,108,10,4,15,127,104,61,111,38,40,79,45,3,41,59,43,120,77,89,124,84,65,58,29,82,114,27,116,1,49,129,70,2,113,125,7,107,17,32,20,21,36,39,121,101,5,90,71,48,57,105,52,119,50,54,9,13,66,12,95,22,46,92,19,117,34,53,16,30,33,26,99,18,42,103,67,47,24,31,35,83,88,93,76,80,102,11,86,78,94,28,14,23|_G470682]
  161		 8168.7775925064		[115,37,91,98,72,73,8,56,55,51,74,64,81,100,110,122,118,112,97,109,128,60,123,63,87,85,68,25,6,96,62,69,106,126,0,44,75,108,10,4,15,127,104,61,111,38,40,79,45,3,41,59,43,120,77,89,124,84,65,58,29,82,114,27,116,1,49,129,70,2,113,125,7,107,17,32,20,21,36,39,121,101,5,90,71,48,57,105,52,119,50,54,9,13,66,12,95,22,46,92,19,117,34,53,16,30,33,26,99,18,42,103,67,47,24,31,35,83,88,93,76,80,102,11,86,78,94,28,14,23|_G470682]
  162		 8168.7775925064		[115,37,91,98,72,73,8,56,55,51,74,64,81,100,110,122,118,112,97,109,128,60,123,63,87,85,68,25,6,96,62,69,106,126,0,44,75,108,10,4,15,127,104,61,111,38,40,79,45,3,41,59,43,120,77,89,124,84,65,58,29,82,114,27,116,1,49,129,70,2,113,125,7,107,17,32,20,21,36,39,121,101,5,90,71,48,57,105,52,119,50,54,9,13,66,12,95,22,46,92,19,117,34,53,16,30,33,26,99,18,42,103,67,47,24,31,35,83,88,93,76,80,102,11,86,78,94,28,14,23|_G470682]
  163		 8168.7775925064		[115,37,91,98,72,73,8,56,55,51,74,64,81,100,110,122,118,112,97,109,128,60,123,63,87,85,68,25,6,96,62,69,106,126,0,44,75,108,10,4,15,127,104,61,111,38,40,79,45,3,41,59,43,120,77,89,124,84,65,58,29,82,114,27,116,1,49,129,70,2,113,125,7,107,17,32,20,21,36,39,121,101,5,90,71,48,57,105,52,119,50,54,9,13,66,12,95,22,46,92,19,117,34,53,16,30,33,26,99,18,42,103,67,47,24,31,35,83,88,93,76,80,102,11,86,78,94,28,14,23|_G470682]
  164		 8168.7775925064		[115,37,91,98,72,73,8,56,55,51,74,64,81,100,110,122,118,112,97,109,128,60,123,63,87,85,68,25,6,96,62,69,106,126,0,44,75,108,10,4,15,127,104,61,111,38,40,79,45,3,41,59,43,120,77,89,124,84,65,58,29,82,114,27,116,1,49,129,70,2,113,125,7,107,17,32,20,21,36,39,121,101,5,90,71,48,57,105,52,119,50,54,9,13,66,12,95,22,46,92,19,117,34,53,16,30,33,26,99,18,42,103,67,47,24,31,35,83,88,93,76,80,102,11,86,78,94,28,14,23|_G470682]
  165		 8168.7775925064		[115,37,91,98,72,73,8,56,55,51,74,64,81,100,110,122,118,112,97,109,128,60,123,63,87,85,68,25,6,96,62,69,106,126,0,44,75,108,10,4,15,127,104,61,111,38,40,79,45,3,41,59,43,120,77,89,124,84,65,58,29,82,114,27,116,1,49,129,70,2,113,125,7,107,17,32,20,21,36,39,121,101,5,90,71,48,57,105,52,119,50,54,9,13,66,12,95,22,46,92,19,117,34,53,16,30,33,26,99,18,42,103,67,47,24,31,35,83,88,93,76,80,102,11,86,78,94,28,14,23|_G470682]
  166		 8168.7775925064		[115,37,91,98,72,73,8,56,55,51,74,64,81,100,110,122,118,112,97,109,128,60,123,63,87,85,68,25,6,96,62,69,106,126,0,44,75,108,10,4,15,127,104,61,111,38,40,79,45,3,41,59,43,120,77,89,124,84,65,58,29,82,114,27,116,1,49,129,70,2,113,125,7,107,17,32,20,21,36,39,121,101,5,90,71,48,57,105,52,119,50,54,9,13,66,12,95,22,46,92,19,117,34,53,16,30,33,26,99,18,42,103,67,47,24,31,35,83,88,93,76,80,102,11,86,78,94,28,14,23|_G470682]
  167		 8168.7775925064		[115,37,91,98,72,73,8,56,55,51,74,64,81,100,110,122,118,112,97,109,128,60,123,63,87,85,68,25,6,96,62,69,106,126,0,44,75,108,10,4,15,127,104,61,111,38,40,79,45,3,41,59,43,120,77,89,124,84,65,58,29,82,114,27,116,1,49,129,70,2,113,125,7,107,17,32,20,21,36,39,121,101,5,90,71,48,57,105,52,119,50,54,9,13,66,12,95,22,46,92,19,117,34,53,16,30,33,26,99,18,42,103,67,47,24,31,35,83,88,93,76,80,102,11,86,78,94,28,14,23|_G470682]
  168		 8168.7775925064		[115,37,91,98,72,73,8,56,55,51,74,64,81,100,110,122,118,112,97,109,128,60,123,63,87,85,68,25,6,96,62,69,106,126,0,44,75,108,10,4,15,127,104,61,111,38,40,79,45,3,41,59,43,120,77,89,124,84,65,58,29,82,114,27,116,1,49,129,70,2,113,125,7,107,17,32,20,21,36,39,121,101,5,90,71,48,57,105,52,119,50,54,9,13,66,12,95,22,46,92,19,117,34,53,16,30,33,26,99,18,42,103,67,47,24,31,35,83,88,93,76,80,102,11,86,78,94,28,14,23|_G470682]
  169		 8168.7775925064		[115,37,91,98,72,73,8,56,55,51,74,64,81,100,110,122,118,112,97,109,128,60,123,63,87,85,68,25,6,96,62,69,106,126,0,44,75,108,10,4,15,127,104,61,111,38,40,79,45,3,41,59,43,120,77,89,124,84,65,58,29,82,114,27,116,1,49,129,70,2,113,125,7,107,17,32,20,21,36,39,121,101,5,90,71,48,57,105,52,119,50,54,9,13,66,12,95,22,46,92,19,117,34,53,16,30,33,26,99,18,42,103,67,47,24,31,35,83,88,93,76,80,102,11,86,78,94,28,14,23|_G470682]
  170		 8168.7775925064		[115,37,91,98,72,73,8,56,55,51,74,64,81,100,110,122,118,112,97,109,128,60,123,63,87,85,68,25,6,96,62,69,106,126,0,44,75,108,10,4,15,127,104,61,111,38,40,79,45,3,41,59,43,120,77,89,124,84,65,58,29,82,114,27,116,1,49,129,70,2,113,125,7,107,17,32,20,21,36,39,121,101,5,90,71,48,57,105,52,119,50,54,9,13,66,12,95,22,46,92,19,117,34,53,16,30,33,26,99,18,42,103,67,47,24,31,35,83,88,93,76,80,102,11,86,78,94,28,14,23|_G470682]
  171		 8168.7775925064		[115,37,91,98,72,73,8,56,55,51,74,64,81,100,110,122,118,112,97,109,128,60,123,63,87,85,68,25,6,96,62,69,106,126,0,44,75,108,10,4,15,127,104,61,111,38,40,79,45,3,41,59,43,120,77,89,124,84,65,58,29,82,114,27,116,1,49,129,70,2,113,125,7,107,17,32,20,21,36,39,121,101,5,90,71,48,57,105,52,119,50,54,9,13,66,12,95,22,46,92,19,117,34,53,16,30,33,26,99,18,42,103,67,47,24,31,35,83,88,93,76,80,102,11,86,78,94,28,14,23|_G470682]
  172		 8168.7775925064		[115,37,91,98,72,73,8,56,55,51,74,64,81,100,110,122,118,112,97,109,128,60,123,63,87,85,68,25,6,96,62,69,106,126,0,44,75,108,10,4,15,127,104,61,111,38,40,79,45,3,41,59,43,120,77,89,124,84,65,58,29,82,114,27,116,1,49,129,70,2,113,125,7,107,17,32,20,21,36,39,121,101,5,90,71,48,57,105,52,119,50,54,9,13,66,12,95,22,46,92,19,117,34,53,16,30,33,26,99,18,42,103,67,47,24,31,35,83,88,93,76,80,102,11,86,78,94,28,14,23|_G470682]
  173		 8168.7775925064		[115,37,91,98,72,73,8,56,55,51,74,64,81,100,110,122,118,112,97,109,128,60,123,63,87,85,68,25,6,96,62,69,106,126,0,44,75,108,10,4,15,127,104,61,111,38,40,79,45,3,41,59,43,120,77,89,124,84,65,58,29,82,114,27,116,1,49,129,70,2,113,125,7,107,17,32,20,21,36,39,121,101,5,90,71,48,57,105,52,119,50,54,9,13,66,12,95,22,46,92,19,117,34,53,16,30,33,26,99,18,42,103,67,47,24,31,35,83,88,93,76,80,102,11,86,78,94,28,14,23|_G470682]
  174		 8168.7775925064		[115,37,91,98,72,73,8,56,55,51,74,64,81,100,110,122,118,112,97,109,128,60,123,63,87,85,68,25,6,96,62,69,106,126,0,44,75,108,10,4,15,127,104,61,111,38,40,79,45,3,41,59,43,120,77,89,124,84,65,58,29,82,114,27,116,1,49,129,70,2,113,125,7,107,17,32,20,21,36,39,121,101,5,90,71,48,57,105,52,119,50,54,9,13,66,12,95,22,46,92,19,117,34,53,16,30,33,26,99,18,42,103,67,47,24,31,35,83,88,93,76,80,102,11,86,78,94,28,14,23|_G470682]
  175		 8168.7775925064		[115,37,91,98,72,73,8,56,55,51,74,64,81,100,110,122,118,112,97,109,128,60,123,63,87,85,68,25,6,96,62,69,106,126,0,44,75,108,10,4,15,127,104,61,111,38,40,79,45,3,41,59,43,120,77,89,124,84,65,58,29,82,114,27,116,1,49,129,70,2,113,125,7,107,17,32,20,21,36,39,121,101,5,90,71,48,57,105,52,119,50,54,9,13,66,12,95,22,46,92,19,117,34,53,16,30,33,26,99,18,42,103,67,47,24,31,35,83,88,93,76,80,102,11,86,78,94,28,14,23|_G470682]
  176		 8168.7775925064		[115,37,91,98,72,73,8,56,55,51,74,64,81,100,110,122,118,112,97,109,128,60,123,63,87,85,68,25,6,96,62,69,106,126,0,44,75,108,10,4,15,127,104,61,111,38,40,79,45,3,41,59,43,120,77,89,124,84,65,58,29,82,114,27,116,1,49,129,70,2,113,125,7,107,17,32,20,21,36,39,121,101,5,90,71,48,57,105,52,119,50,54,9,13,66,12,95,22,46,92,19,117,34,53,16,30,33,26,99,18,42,103,67,47,24,31,35,83,88,93,76,80,102,11,86,78,94,28,14,23|_G470682]
  177		 8168.7775925064		[115,37,91,98,72,73,8,56,55,51,74,64,81,100,110,122,118,112,97,109,128,60,123,63,87,85,68,25,6,96,62,69,106,126,0,44,75,108,10,4,15,127,104,61,111,38,40,79,45,3,41,59,43,120,77,89,124,84,65,58,29,82,114,27,116,1,49,129,70,2,113,125,7,107,17,32,20,21,36,39,121,101,5,90,71,48,57,105,52,119,50,54,9,13,66,12,95,22,46,92,19,117,34,53,16,30,33,26,99,18,42,103,67,47,24,31,35,83,88,93,76,80,102,11,86,78,94,28,14,23|_G470682]
  178		 8168.7775925064		[115,37,91,98,72,73,8,56,55,51,74,64,81,100,110,122,118,112,97,109,128,60,123,63,87,85,68,25,6,96,62,69,106,126,0,44,75,108,10,4,15,127,104,61,111,38,40,79,45,3,41,59,43,120,77,89,124,84,65,58,29,82,114,27,116,1,49,129,70,2,113,125,7,107,17,32,20,21,36,39,121,101,5,90,71,48,57,105,52,119,50,54,9,13,66,12,95,22,46,92,19,117,34,53,16,30,33,26,99,18,42,103,67,47,24,31,35,83,88,93,76,80,102,11,86,78,94,28,14,23|_G470682]
  179		 8168.7775925064		[115,37,91,98,72,73,8,56,55,51,74,64,81,100,110,122,118,112,97,109,128,60,123,63,87,85,68,25,6,96,62,69,106,126,0,44,75,108,10,4,15,127,104,61,111,38,40,79,45,3,41,59,43,120,77,89,124,84,65,58,29,82,114,27,116,1,49,129,70,2,113,125,7,107,17,32,20,21,36,39,121,101,5,90,71,48,57,105,52,119,50,54,9,13,66,12,95,22,46,92,19,117,34,53,16,30,33,26,99,18,42,103,67,47,24,31,35,83,88,93,76,80,102,11,86,78,94,28,14,23|_G470682]
  180		 8168.7775925064		[115,37,91,98,72,73,8,56,55,51,74,64,81,100,110,122,118,112,97,109,128,60,123,63,87,85,68,25,6,96,62,69,106,126,0,44,75,108,10,4,15,127,104,61,111,38,40,79,45,3,41,59,43,120,77,89,124,84,65,58,29,82,114,27,116,1,49,129,70,2,113,125,7,107,17,32,20,21,36,39,121,101,5,90,71,48,57,105,52,119,50,54,9,13,66,12,95,22,46,92,19,117,34,53,16,30,33,26,99,18,42,103,67,47,24,31,35,83,88,93,76,80,102,11,86,78,94,28,14,23|_G470682]
  181		 8168.7775925064		[115,37,91,98,72,73,8,56,55,51,74,64,81,100,110,122,118,112,97,109,128,60,123,63,87,85,68,25,6,96,62,69,106,126,0,44,75,108,10,4,15,127,104,61,111,38,40,79,45,3,41,59,43,120,77,89,124,84,65,58,29,82,114,27,116,1,49,129,70,2,113,125,7,107,17,32,20,21,36,39,121,101,5,90,71,48,57,105,52,119,50,54,9,13,66,12,95,22,46,92,19,117,34,53,16,30,33,26,99,18,42,103,67,47,24,31,35,83,88,93,76,80,102,11,86,78,94,28,14,23|_G470682]
  182		 8168.7775925064		[115,37,91,98,72,73,8,56,55,51,74,64,81,100,110,122,118,112,97,109,128,60,123,63,87,85,68,25,6,96,62,69,106,126,0,44,75,108,10,4,15,127,104,61,111,38,40,79,45,3,41,59,43,120,77,89,124,84,65,58,29,82,114,27,116,1,49,129,70,2,113,125,7,107,17,32,20,21,36,39,121,101,5,90,71,48,57,105,52,119,50,54,9,13,66,12,95,22,46,92,19,117,34,53,16,30,33,26,99,18,42,103,67,47,24,31,35,83,88,93,76,80,102,11,86,78,94,28,14,23|_G470682]
  183		 8168.7775925064		[115,37,91,98,72,73,8,56,55,51,74,64,81,100,110,122,118,112,97,109,128,60,123,63,87,85,68,25,6,96,62,69,106,126,0,44,75,108,10,4,15,127,104,61,111,38,40,79,45,3,41,59,43,120,77,89,124,84,65,58,29,82,114,27,116,1,49,129,70,2,113,125,7,107,17,32,20,21,36,39,121,101,5,90,71,48,57,105,52,119,50,54,9,13,66,12,95,22,46,92,19,117,34,53,16,30,33,26,99,18,42,103,67,47,24,31,35,83,88,93,76,80,102,11,86,78,94,28,14,23|_G470682]
  184		 8168.7775925064		[115,37,91,98,72,73,8,56,55,51,74,64,81,100,110,122,118,112,97,109,128,60,123,63,87,85,68,25,6,96,62,69,106,126,0,44,75,108,10,4,15,127,104,61,111,38,40,79,45,3,41,59,43,120,77,89,124,84,65,58,29,82,114,27,116,1,49,129,70,2,113,125,7,107,17,32,20,21,36,39,121,101,5,90,71,48,57,105,52,119,50,54,9,13,66,12,95,22,46,92,19,117,34,53,16,30,33,26,99,18,42,103,67,47,24,31,35,83,88,93,76,80,102,11,86,78,94,28,14,23|_G470682]
  185		 8168.7775925064		[115,37,91,98,72,73,8,56,55,51,74,64,81,100,110,122,118,112,97,109,128,60,123,63,87,85,68,25,6,96,62,69,106,126,0,44,75,108,10,4,15,127,104,61,111,38,40,79,45,3,41,59,43,120,77,89,124,84,65,58,29,82,114,27,116,1,49,129,70,2,113,125,7,107,17,32,20,21,36,39,121,101,5,90,71,48,57,105,52,119,50,54,9,13,66,12,95,22,46,92,19,117,34,53,16,30,33,26,99,18,42,103,67,47,24,31,35,83,88,93,76,80,102,11,86,78,94,28,14,23|_G470682]
  186		 8170.1275760244		[115,37,91,98,72,73,51,74,64,80,102,8,56,55,81,100,110,122,118,112,97,109,128,60,123,63,87,85,68,25,6,96,69,62,106,126,0,44,75,108,10,4,15,127,104,61,111,38,40,79,45,3,41,59,43,120,77,89,124,84,65,58,29,82,114,27,116,1,49,129,70,2,113,125,7,107,17,32,20,21,36,121,101,5,90,71,48,57,105,52,119,50,54,9,13,66,12,95,22,46,39,92,19,117,34,53,16,30,33,26,99,18,42,103,67,47,24,31,35,83,88,93,76,11,86,78,94,14,28,23|_G470682]
  187		 8170.1275760244		[115,37,91,98,72,73,51,74,64,80,102,8,56,55,81,100,110,122,118,112,97,109,128,60,123,63,87,85,68,25,6,96,69,62,106,126,0,44,75,108,10,4,15,127,104,61,111,38,40,79,45,3,41,59,43,120,77,89,124,84,65,58,29,82,114,27,116,1,49,129,70,2,113,125,7,107,17,32,20,21,36,121,101,5,90,71,48,57,105,52,119,50,54,9,13,66,12,95,22,46,39,92,19,117,34,53,16,30,33,26,99,18,42,103,67,47,24,31,35,83,88,93,76,11,86,78,94,14,28,23|_G470682]
  188		 8170.1275760244		[115,37,91,98,72,73,51,74,64,80,102,8,56,55,81,100,110,122,118,112,97,109,128,60,123,63,87,85,68,25,6,96,69,62,106,126,0,44,75,108,10,4,15,127,104,61,111,38,40,79,45,3,41,59,43,120,77,89,124,84,65,58,29,82,114,27,116,1,49,129,70,2,113,125,7,107,17,32,20,21,36,121,101,5,90,71,48,57,105,52,119,50,54,9,13,66,12,95,22,46,39,92,19,117,34,53,16,30,33,26,99,18,42,103,67,47,24,31,35,83,88,93,76,11,86,78,94,14,28,23|_G470682]
  189		 8170.1275760244		[115,37,91,98,72,73,51,74,64,80,102,8,56,55,81,100,110,122,118,112,97,109,128,60,123,63,87,85,68,25,6,96,69,62,106,126,0,44,75,108,10,4,15,127,104,61,111,38,40,79,45,3,41,59,43,120,77,89,124,84,65,58,29,82,114,27,116,1,49,129,70,2,113,125,7,107,17,32,20,21,36,121,101,5,90,71,48,57,105,52,119,50,54,9,13,66,12,95,22,46,39,92,19,117,34,53,16,30,33,26,99,18,42,103,67,47,24,31,35,83,88,93,76,11,86,78,94,14,28,23|_G470682]
  190		 8170.1275760244		[115,37,91,98,72,73,51,74,64,80,102,8,56,55,81,100,110,122,118,112,97,109,128,60,123,63,87,85,68,25,6,96,69,62,106,126,0,44,75,108,10,4,15,127,104,61,111,38,40,79,45,3,41,59,43,120,77,89,124,84,65,58,29,82,114,27,116,1,49,129,70,2,113,125,7,107,17,32,20,21,36,121,101,5,90,71,48,57,105,52,119,50,54,9,13,66,12,95,22,46,39,92,19,117,34,53,16,30,33,26,99,18,42,103,67,47,24,31,35,83,88,93,76,11,86,78,94,14,28,23|_G470682]
  191		 8170.1275760244		[115,37,91,98,72,73,51,74,64,80,102,8,56,55,81,100,110,122,118,112,97,109,128,60,123,63,87,85,68,25,6,96,69,62,106,126,0,44,75,108,10,4,15,127,104,61,111,38,40,79,45,3,41,59,43,120,77,89,124,84,65,58,29,82,114,27,116,1,49,129,70,2,113,125,7,107,17,32,20,21,36,121,101,5,90,71,48,57,105,52,119,50,54,9,13,66,12,95,22,46,39,92,19,117,34,53,16,30,33,26,99,18,42,103,67,47,24,31,35,83,88,93,76,11,86,78,94,14,28,23|_G470682]
  192		 8170.1275760244		[115,37,91,98,72,73,51,74,64,80,102,8,56,55,81,100,110,122,118,112,97,109,128,60,123,63,87,85,68,25,6,96,69,62,106,126,0,44,75,108,10,4,15,127,104,61,111,38,40,79,45,3,41,59,43,120,77,89,124,84,65,58,29,82,114,27,116,1,49,129,70,2,113,125,7,107,17,32,20,21,36,121,101,5,90,71,48,57,105,52,119,50,54,9,13,66,12,95,22,46,39,92,19,117,34,53,16,30,33,26,99,18,42,103,67,47,24,31,35,83,88,93,76,11,86,78,94,14,28,23|_G470682]
  193		 8170.1275760244		[115,37,91,98,72,73,51,74,64,80,102,8,56,55,81,100,110,122,118,112,97,109,128,60,123,63,87,85,68,25,6,96,69,62,106,126,0,44,75,108,10,4,15,127,104,61,111,38,40,79,45,3,41,59,43,120,77,89,124,84,65,58,29,82,114,27,116,1,49,129,70,2,113,125,7,107,17,32,20,21,36,121,101,5,90,71,48,57,105,52,119,50,54,9,13,66,12,95,22,46,39,92,19,117,34,53,16,30,33,26,99,18,42,103,67,47,24,31,35,83,88,93,76,11,86,78,94,14,28,23|_G470682]
  194		 8170.1275760244		[115,37,91,98,72,73,51,74,64,80,102,8,56,55,81,100,110,122,118,112,97,109,128,60,123,63,87,85,68,25,6,96,69,62,106,126,0,44,75,108,10,4,15,127,104,61,111,38,40,79,45,3,41,59,43,120,77,89,124,84,65,58,29,82,114,27,116,1,49,129,70,2,113,125,7,107,17,32,20,21,36,121,101,5,90,71,48,57,105,52,119,50,54,9,13,66,12,95,22,46,39,92,19,117,34,53,16,30,33,26,99,18,42,103,67,47,24,31,35,83,88,93,76,11,86,78,94,14,28,23|_G470682]
  195		 8170.1275760244		[115,37,91,98,72,73,51,74,64,80,102,8,56,55,81,100,110,122,118,112,97,109,128,60,123,63,87,85,68,25,6,96,69,62,106,126,0,44,75,108,10,4,15,127,104,61,111,38,40,79,45,3,41,59,43,120,77,89,124,84,65,58,29,82,114,27,116,1,49,129,70,2,113,125,7,107,17,32,20,21,36,121,101,5,90,71,48,57,105,52,119,50,54,9,13,66,12,95,22,46,39,92,19,117,34,53,16,30,33,26,99,18,42,103,67,47,24,31,35,83,88,93,76,11,86,78,94,14,28,23|_G470682]
  196		 8170.1275760244		[115,37,91,98,72,73,51,74,64,80,102,8,56,55,81,100,110,122,118,112,97,109,128,60,123,63,87,85,68,25,6,96,69,62,106,126,0,44,75,108,10,4,15,127,104,61,111,38,40,79,45,3,41,59,43,120,77,89,124,84,65,58,29,82,114,27,116,1,49,129,70,2,113,125,7,107,17,32,20,21,36,121,101,5,90,71,48,57,105,52,119,50,54,9,13,66,12,95,22,46,39,92,19,117,34,53,16,30,33,26,99,18,42,103,67,47,24,31,35,83,88,93,76,11,86,78,94,14,28,23|_G470682]
  197		 8170.1275760244		[115,37,91,98,72,73,51,74,64,80,102,8,56,55,81,100,110,122,118,112,97,109,128,60,123,63,87,85,68,25,6,96,69,62,106,126,0,44,75,108,10,4,15,127,104,61,111,38,40,79,45,3,41,59,43,120,77,89,124,84,65,58,29,82,114,27,116,1,49,129,70,2,113,125,7,107,17,32,20,21,36,121,101,5,90,71,48,57,105,52,119,50,54,9,13,66,12,95,22,46,39,92,19,117,34,53,16,30,33,26,99,18,42,103,67,47,24,31,35,83,88,93,76,11,86,78,94,14,28,23|_G470682]
  198		 8170.1275760244		[115,37,91,98,72,73,51,74,64,80,102,8,56,55,81,100,110,122,118,112,97,109,128,60,123,63,87,85,68,25,6,96,69,62,106,126,0,44,75,108,10,4,15,127,104,61,111,38,40,79,45,3,41,59,43,120,77,89,124,84,65,58,29,82,114,27,116,1,49,129,70,2,113,125,7,107,17,32,20,21,36,121,101,5,90,71,48,57,105,52,119,50,54,9,13,66,12,95,22,46,39,92,19,117,34,53,16,30,33,26,99,18,42,103,67,47,24,31,35,83,88,93,76,11,86,78,94,14,28,23|_G470682]
  199		 8170.1275760244		[115,37,91,98,72,73,51,74,64,80,102,8,56,55,81,100,110,122,118,112,97,109,128,60,123,63,87,85,68,25,6,96,69,62,106,126,0,44,75,108,10,4,15,127,104,61,111,38,40,79,45,3,41,59,43,120,77,89,124,84,65,58,29,82,114,27,116,1,49,129,70,2,113,125,7,107,17,32,20,21,36,121,101,5,90,71,48,57,105,52,119,50,54,9,13,66,12,95,22,46,39,92,19,117,34,53,16,30,33,26,99,18,42,103,67,47,24,31,35,83,88,93,76,11,86,78,94,14,28,23|_G470682]
  200		 8170.1275760244		[115,37,91,98,72,73,51,74,64,80,102,8,56,55,81,100,110,122,118,112,97,109,128,60,123,63,87,85,68,25,6,96,69,62,106,126,0,44,75,108,10,4,15,127,104,61,111,38,40,79,45,3,41,59,43,120,77,89,124,84,65,58,29,82,114,27,116,1,49,129,70,2,113,125,7,107,17,32,20,21,36,121,101,5,90,71,48,57,105,52,119,50,54,9,13,66,12,95,22,46,39,92,19,117,34,53,16,30,33,26,99,18,42,103,67,47,24,31,35,83,88,93,76,11,86,78,94,14,28,23|_G470682]
=================================================================================================================================================================== 
