=================================================================================================================================================================== 
                                                         Resultados Algoritmo Genético Caixeiro Viajante                                                           
=================================================================================================================================================================== 
                                                                            Parâmetros                                                                             
------------------------------------------------------------------------------------------------------------------------------------------------------------------- 
	Data =  31/03/2015 23:37:09 	Tempo de execução =  1085.643s 	Tamanho da população =  100 	Número de gerações =  7000

	Taxa de migração =  10.00% 		Limite de erro =  122200 			Limite do Torneio em Habitat =  100.00

=================================================================================================================================================================== 
                                                                            Soluções                                                                              
Posição  		Distância                                                              Trajeto                                                              
------------------------------------------------------------------------------------------------------------------------------------------------------------------- 
  001		 6304.0663446072		[97,109,88,93,76,102,80,86,11,78,94,115,23,28,14,99,18,26,30,16,33,42,103,126,106,69,96,6,25,63,68,85,87,123,128,60,108,75,10,4,44,15,127,104,61,27,114,111,116,38,70,40,0,129,49,1,53,34,3,19,117,79,45,17,107,7,125,89,124,84,65,77,120,58,29,82,2,113,20,32,92,36,21,22,12,66,95,13,9,101,5,54,121,46,39,43,41,50,59,119,52,48,57,105,37,91,71,90,98,72,73,74,51,8,56,55,64,81,100,122,110,118,83,35,31,112,24,47,62,67|_G103785]
  002		 6304.0663446072		[97,109,88,93,76,102,80,86,11,78,94,115,23,28,14,99,18,26,30,16,33,42,103,126,106,69,96,6,25,63,68,85,87,123,128,60,108,75,10,4,44,15,127,104,61,27,114,111,116,38,70,40,0,129,49,1,53,34,3,19,117,79,45,17,107,7,125,89,124,84,65,77,120,58,29,82,2,113,20,32,92,36,21,22,12,66,95,13,9,101,5,54,121,46,39,43,41,50,59,119,52,48,57,105,37,91,71,90,98,72,73,74,51,8,56,55,64,81,100,122,110,118,83,35,31,112,24,47,62,67|_G103785]
  003		 6304.0663446072		[97,109,88,93,76,102,80,86,11,78,94,115,23,28,14,99,18,26,30,16,33,42,103,126,106,69,96,6,25,63,68,85,87,123,128,60,108,75,10,4,44,15,127,104,61,27,114,111,116,38,70,40,0,129,49,1,53,34,3,19,117,79,45,17,107,7,125,89,124,84,65,77,120,58,29,82,2,113,20,32,92,36,21,22,12,66,95,13,9,101,5,54,121,46,39,43,41,50,59,119,52,48,57,105,37,91,71,90,98,72,73,74,51,8,56,55,64,81,100,122,110,118,83,35,31,112,24,47,62,67|_G103785]
  004		 6304.0663446072		[97,109,88,93,76,102,80,86,11,78,94,115,23,28,14,99,18,26,30,16,33,42,103,126,106,69,96,6,25,63,68,85,87,123,128,60,108,75,10,4,44,15,127,104,61,27,114,111,116,38,70,40,0,129,49,1,53,34,3,19,117,79,45,17,107,7,125,89,124,84,65,77,120,58,29,82,2,113,20,32,92,36,21,22,12,66,95,13,9,101,5,54,121,46,39,43,41,50,59,119,52,48,57,105,37,91,71,90,98,72,73,74,51,8,56,55,64,81,100,122,110,118,83,35,31,112,24,47,62,67|_G103785]
  005		 6304.0663446072		[97,109,88,93,76,102,80,86,11,78,94,115,23,28,14,99,18,26,30,16,33,42,103,126,106,69,96,6,25,63,68,85,87,123,128,60,108,75,10,4,44,15,127,104,61,27,114,111,116,38,70,40,0,129,49,1,53,34,3,19,117,79,45,17,107,7,125,89,124,84,65,77,120,58,29,82,2,113,20,32,92,36,21,22,12,66,95,13,9,101,5,54,121,46,39,43,41,50,59,119,52,48,57,105,37,91,71,90,98,72,73,74,51,8,56,55,64,81,100,122,110,118,83,35,31,112,24,47,62,67|_G103785]
  006		 6304.0663446072		[97,109,88,93,76,102,80,86,11,78,94,115,23,28,14,99,18,26,30,16,33,42,103,126,106,69,96,6,25,63,68,85,87,123,128,60,108,75,10,4,44,15,127,104,61,27,114,111,116,38,70,40,0,129,49,1,53,34,3,19,117,79,45,17,107,7,125,89,124,84,65,77,120,58,29,82,2,113,20,32,92,36,21,22,12,66,95,13,9,101,5,54,121,46,39,43,41,50,59,119,52,48,57,105,37,91,71,90,98,72,73,74,51,8,56,55,64,81,100,122,110,118,83,35,31,112,24,47,62,67|_G103785]
  007		 6304.0663446072		[97,109,88,93,76,102,80,86,11,78,94,115,23,28,14,99,18,26,30,16,33,42,103,126,106,69,96,6,25,63,68,85,87,123,128,60,108,75,10,4,44,15,127,104,61,27,114,111,116,38,70,40,0,129,49,1,53,34,3,19,117,79,45,17,107,7,125,89,124,84,65,77,120,58,29,82,2,113,20,32,92,36,21,22,12,66,95,13,9,101,5,54,121,46,39,43,41,50,59,119,52,48,57,105,37,91,71,90,98,72,73,74,51,8,56,55,64,81,100,122,110,118,83,35,31,112,24,47,62,67|_G103785]
  008		 6304.0663446072		[97,109,88,93,76,102,80,86,11,78,94,115,23,28,14,99,18,26,30,16,33,42,103,126,106,69,96,6,25,63,68,85,87,123,128,60,108,75,10,4,44,15,127,104,61,27,114,111,116,38,70,40,0,129,49,1,53,34,3,19,117,79,45,17,107,7,125,89,124,84,65,77,120,58,29,82,2,113,20,32,92,36,21,22,12,66,95,13,9,101,5,54,121,46,39,43,41,50,59,119,52,48,57,105,37,91,71,90,98,72,73,74,51,8,56,55,64,81,100,122,110,118,83,35,31,112,24,47,62,67|_G103785]
  009		 6304.0663446072		[97,109,88,93,76,102,80,86,11,78,94,115,23,28,14,99,18,26,30,16,33,42,103,126,106,69,96,6,25,63,68,85,87,123,128,60,108,75,10,4,44,15,127,104,61,27,114,111,116,38,70,40,0,129,49,1,53,34,3,19,117,79,45,17,107,7,125,89,124,84,65,77,120,58,29,82,2,113,20,32,92,36,21,22,12,66,95,13,9,101,5,54,121,46,39,43,41,50,59,119,52,48,57,105,37,91,71,90,98,72,73,74,51,8,56,55,64,81,100,122,110,118,83,35,31,112,24,47,62,67|_G103785]
  010		 6304.0663446072		[97,109,88,93,76,102,80,86,11,78,94,115,23,28,14,99,18,26,30,16,33,42,103,126,106,69,96,6,25,63,68,85,87,123,128,60,108,75,10,4,44,15,127,104,61,27,114,111,116,38,70,40,0,129,49,1,53,34,3,19,117,79,45,17,107,7,125,89,124,84,65,77,120,58,29,82,2,113,20,32,92,36,21,22,12,66,95,13,9,101,5,54,121,46,39,43,41,50,59,119,52,48,57,105,37,91,71,90,98,72,73,74,51,8,56,55,64,81,100,122,110,118,83,35,31,112,24,47,62,67|_G103785]
  011		 6304.0663446072		[97,109,88,93,76,102,80,86,11,78,94,115,23,28,14,99,18,26,30,16,33,42,103,126,106,69,96,6,25,63,68,85,87,123,128,60,108,75,10,4,44,15,127,104,61,27,114,111,116,38,70,40,0,129,49,1,53,34,3,19,117,79,45,17,107,7,125,89,124,84,65,77,120,58,29,82,2,113,20,32,92,36,21,22,12,66,95,13,9,101,5,54,121,46,39,43,41,50,59,119,52,48,57,105,37,91,71,90,98,72,73,74,51,8,56,55,64,81,100,122,110,118,83,35,31,112,24,47,62,67|_G103785]
  012		 6304.0663446072		[97,109,88,93,76,102,80,86,11,78,94,115,23,28,14,99,18,26,30,16,33,42,103,126,106,69,96,6,25,63,68,85,87,123,128,60,108,75,10,4,44,15,127,104,61,27,114,111,116,38,70,40,0,129,49,1,53,34,3,19,117,79,45,17,107,7,125,89,124,84,65,77,120,58,29,82,2,113,20,32,92,36,21,22,12,66,95,13,9,101,5,54,121,46,39,43,41,50,59,119,52,48,57,105,37,91,71,90,98,72,73,74,51,8,56,55,64,81,100,122,110,118,83,35,31,112,24,47,62,67|_G103785]
  013		 6304.0663446072		[97,109,88,93,76,102,80,86,11,78,94,115,23,28,14,99,18,26,30,16,33,42,103,126,106,69,96,6,25,63,68,85,87,123,128,60,108,75,10,4,44,15,127,104,61,27,114,111,116,38,70,40,0,129,49,1,53,34,3,19,117,79,45,17,107,7,125,89,124,84,65,77,120,58,29,82,2,113,20,32,92,36,21,22,12,66,95,13,9,101,5,54,121,46,39,43,41,50,59,119,52,48,57,105,37,91,71,90,98,72,73,74,51,8,56,55,64,81,100,122,110,118,83,35,31,112,24,47,62,67|_G103785]
  014		 6304.0663446072		[97,109,88,93,76,102,80,86,11,78,94,115,23,28,14,99,18,26,30,16,33,42,103,126,106,69,96,6,25,63,68,85,87,123,128,60,108,75,10,4,44,15,127,104,61,27,114,111,116,38,70,40,0,129,49,1,53,34,3,19,117,79,45,17,107,7,125,89,124,84,65,77,120,58,29,82,2,113,20,32,92,36,21,22,12,66,95,13,9,101,5,54,121,46,39,43,41,50,59,119,52,48,57,105,37,91,71,90,98,72,73,74,51,8,56,55,64,81,100,122,110,118,83,35,31,112,24,47,62,67|_G103785]
  015		 6304.0663446072		[97,109,88,93,76,102,80,86,11,78,94,115,23,28,14,99,18,26,30,16,33,42,103,126,106,69,96,6,25,63,68,85,87,123,128,60,108,75,10,4,44,15,127,104,61,27,114,111,116,38,70,40,0,129,49,1,53,34,3,19,117,79,45,17,107,7,125,89,124,84,65,77,120,58,29,82,2,113,20,32,92,36,21,22,12,66,95,13,9,101,5,54,121,46,39,43,41,50,59,119,52,48,57,105,37,91,71,90,98,72,73,74,51,8,56,55,64,81,100,122,110,118,83,35,31,112,24,47,62,67|_G103785]
  016		 6304.0663446072		[97,109,88,93,76,102,80,86,11,78,94,115,23,28,14,99,18,26,30,16,33,42,103,126,106,69,96,6,25,63,68,85,87,123,128,60,108,75,10,4,44,15,127,104,61,27,114,111,116,38,70,40,0,129,49,1,53,34,3,19,117,79,45,17,107,7,125,89,124,84,65,77,120,58,29,82,2,113,20,32,92,36,21,22,12,66,95,13,9,101,5,54,121,46,39,43,41,50,59,119,52,48,57,105,37,91,71,90,98,72,73,74,51,8,56,55,64,81,100,122,110,118,83,35,31,112,24,47,62,67|_G103785]
  017		 6304.0663446072		[97,109,88,93,76,102,80,86,11,78,94,115,23,28,14,99,18,26,30,16,33,42,103,126,106,69,96,6,25,63,68,85,87,123,128,60,108,75,10,4,44,15,127,104,61,27,114,111,116,38,70,40,0,129,49,1,53,34,3,19,117,79,45,17,107,7,125,89,124,84,65,77,120,58,29,82,2,113,20,32,92,36,21,22,12,66,95,13,9,101,5,54,121,46,39,43,41,50,59,119,52,48,57,105,37,91,71,90,98,72,73,74,51,8,56,55,64,81,100,122,110,118,83,35,31,112,24,47,62,67|_G103785]
  018		 6304.0663446072		[97,109,88,93,76,102,80,86,11,78,94,115,23,28,14,99,18,26,30,16,33,42,103,126,106,69,96,6,25,63,68,85,87,123,128,60,108,75,10,4,44,15,127,104,61,27,114,111,116,38,70,40,0,129,49,1,53,34,3,19,117,79,45,17,107,7,125,89,124,84,65,77,120,58,29,82,2,113,20,32,92,36,21,22,12,66,95,13,9,101,5,54,121,46,39,43,41,50,59,119,52,48,57,105,37,91,71,90,98,72,73,74,51,8,56,55,64,81,100,122,110,118,83,35,31,112,24,47,62,67|_G103785]
  019		 6304.0663446072		[97,109,88,93,76,102,80,86,11,78,94,115,23,28,14,99,18,26,30,16,33,42,103,126,106,69,96,6,25,63,68,85,87,123,128,60,108,75,10,4,44,15,127,104,61,27,114,111,116,38,70,40,0,129,49,1,53,34,3,19,117,79,45,17,107,7,125,89,124,84,65,77,120,58,29,82,2,113,20,32,92,36,21,22,12,66,95,13,9,101,5,54,121,46,39,43,41,50,59,119,52,48,57,105,37,91,71,90,98,72,73,74,51,8,56,55,64,81,100,122,110,118,83,35,31,112,24,47,62,67|_G103785]
  020		 6304.0663446072		[97,109,88,93,76,102,80,86,11,78,94,115,23,28,14,99,18,26,30,16,33,42,103,126,106,69,96,6,25,63,68,85,87,123,128,60,108,75,10,4,44,15,127,104,61,27,114,111,116,38,70,40,0,129,49,1,53,34,3,19,117,79,45,17,107,7,125,89,124,84,65,77,120,58,29,82,2,113,20,32,92,36,21,22,12,66,95,13,9,101,5,54,121,46,39,43,41,50,59,119,52,48,57,105,37,91,71,90,98,72,73,74,51,8,56,55,64,81,100,122,110,118,83,35,31,112,24,47,62,67|_G103785]
  021		 6304.0663446072		[97,109,88,93,76,102,80,86,11,78,94,115,23,28,14,99,18,26,30,16,33,42,103,126,106,69,96,6,25,63,68,85,87,123,128,60,108,75,10,4,44,15,127,104,61,27,114,111,116,38,70,40,0,129,49,1,53,34,3,19,117,79,45,17,107,7,125,89,124,84,65,77,120,58,29,82,2,113,20,32,92,36,21,22,12,66,95,13,9,101,5,54,121,46,39,43,41,50,59,119,52,48,57,105,37,91,71,90,98,72,73,74,51,8,56,55,64,81,100,122,110,118,83,35,31,112,24,47,62,67|_G103785]
  022		 6304.0663446072		[97,109,88,93,76,102,80,86,11,78,94,115,23,28,14,99,18,26,30,16,33,42,103,126,106,69,96,6,25,63,68,85,87,123,128,60,108,75,10,4,44,15,127,104,61,27,114,111,116,38,70,40,0,129,49,1,53,34,3,19,117,79,45,17,107,7,125,89,124,84,65,77,120,58,29,82,2,113,20,32,92,36,21,22,12,66,95,13,9,101,5,54,121,46,39,43,41,50,59,119,52,48,57,105,37,91,71,90,98,72,73,74,51,8,56,55,64,81,100,122,110,118,83,35,31,112,24,47,62,67|_G103785]
  023		 6304.0663446072		[97,109,88,93,76,102,80,86,11,78,94,115,23,28,14,99,18,26,30,16,33,42,103,126,106,69,96,6,25,63,68,85,87,123,128,60,108,75,10,4,44,15,127,104,61,27,114,111,116,38,70,40,0,129,49,1,53,34,3,19,117,79,45,17,107,7,125,89,124,84,65,77,120,58,29,82,2,113,20,32,92,36,21,22,12,66,95,13,9,101,5,54,121,46,39,43,41,50,59,119,52,48,57,105,37,91,71,90,98,72,73,74,51,8,56,55,64,81,100,122,110,118,83,35,31,112,24,47,62,67|_G103785]
  024		 6304.0663446072		[97,109,88,93,76,102,80,86,11,78,94,115,23,28,14,99,18,26,30,16,33,42,103,126,106,69,96,6,25,63,68,85,87,123,128,60,108,75,10,4,44,15,127,104,61,27,114,111,116,38,70,40,0,129,49,1,53,34,3,19,117,79,45,17,107,7,125,89,124,84,65,77,120,58,29,82,2,113,20,32,92,36,21,22,12,66,95,13,9,101,5,54,121,46,39,43,41,50,59,119,52,48,57,105,37,91,71,90,98,72,73,74,51,8,56,55,64,81,100,122,110,118,83,35,31,112,24,47,62,67|_G103785]
  025		 6304.0663446072		[97,109,88,93,76,102,80,86,11,78,94,115,23,28,14,99,18,26,30,16,33,42,103,126,106,69,96,6,25,63,68,85,87,123,128,60,108,75,10,4,44,15,127,104,61,27,114,111,116,38,70,40,0,129,49,1,53,34,3,19,117,79,45,17,107,7,125,89,124,84,65,77,120,58,29,82,2,113,20,32,92,36,21,22,12,66,95,13,9,101,5,54,121,46,39,43,41,50,59,119,52,48,57,105,37,91,71,90,98,72,73,74,51,8,56,55,64,81,100,122,110,118,83,35,31,112,24,47,62,67|_G103785]
  026		 6304.0663446072		[97,109,88,93,76,102,80,86,11,78,94,115,23,28,14,99,18,26,30,16,33,42,103,126,106,69,96,6,25,63,68,85,87,123,128,60,108,75,10,4,44,15,127,104,61,27,114,111,116,38,70,40,0,129,49,1,53,34,3,19,117,79,45,17,107,7,125,89,124,84,65,77,120,58,29,82,2,113,20,32,92,36,21,22,12,66,95,13,9,101,5,54,121,46,39,43,41,50,59,119,52,48,57,105,37,91,71,90,98,72,73,74,51,8,56,55,64,81,100,122,110,118,83,35,31,112,24,47,62,67|_G103785]
  027		 6304.0663446072		[97,109,88,93,76,102,80,86,11,78,94,115,23,28,14,99,18,26,30,16,33,42,103,126,106,69,96,6,25,63,68,85,87,123,128,60,108,75,10,4,44,15,127,104,61,27,114,111,116,38,70,40,0,129,49,1,53,34,3,19,117,79,45,17,107,7,125,89,124,84,65,77,120,58,29,82,2,113,20,32,92,36,21,22,12,66,95,13,9,101,5,54,121,46,39,43,41,50,59,119,52,48,57,105,37,91,71,90,98,72,73,74,51,8,56,55,64,81,100,122,110,118,83,35,31,112,24,47,62,67|_G103785]
  028		 6304.0663446072		[97,109,88,93,76,102,80,86,11,78,94,115,23,28,14,99,18,26,30,16,33,42,103,126,106,69,96,6,25,63,68,85,87,123,128,60,108,75,10,4,44,15,127,104,61,27,114,111,116,38,70,40,0,129,49,1,53,34,3,19,117,79,45,17,107,7,125,89,124,84,65,77,120,58,29,82,2,113,20,32,92,36,21,22,12,66,95,13,9,101,5,54,121,46,39,43,41,50,59,119,52,48,57,105,37,91,71,90,98,72,73,74,51,8,56,55,64,81,100,122,110,118,83,35,31,112,24,47,62,67|_G103785]
  029		 6304.0663446072		[97,109,88,93,76,102,80,86,11,78,94,115,23,28,14,99,18,26,30,16,33,42,103,126,106,69,96,6,25,63,68,85,87,123,128,60,108,75,10,4,44,15,127,104,61,27,114,111,116,38,70,40,0,129,49,1,53,34,3,19,117,79,45,17,107,7,125,89,124,84,65,77,120,58,29,82,2,113,20,32,92,36,21,22,12,66,95,13,9,101,5,54,121,46,39,43,41,50,59,119,52,48,57,105,37,91,71,90,98,72,73,74,51,8,56,55,64,81,100,122,110,118,83,35,31,112,24,47,62,67|_G103785]
  030		 6304.0663446072		[97,109,88,93,76,102,80,86,11,78,94,115,23,28,14,99,18,26,30,16,33,42,103,126,106,69,96,6,25,63,68,85,87,123,128,60,108,75,10,4,44,15,127,104,61,27,114,111,116,38,70,40,0,129,49,1,53,34,3,19,117,79,45,17,107,7,125,89,124,84,65,77,120,58,29,82,2,113,20,32,92,36,21,22,12,66,95,13,9,101,5,54,121,46,39,43,41,50,59,119,52,48,57,105,37,91,71,90,98,72,73,74,51,8,56,55,64,81,100,122,110,118,83,35,31,112,24,47,62,67|_G103785]
  031		 6304.0663446072		[97,109,88,93,76,102,80,86,11,78,94,115,23,28,14,99,18,26,30,16,33,42,103,126,106,69,96,6,25,63,68,85,87,123,128,60,108,75,10,4,44,15,127,104,61,27,114,111,116,38,70,40,0,129,49,1,53,34,3,19,117,79,45,17,107,7,125,89,124,84,65,77,120,58,29,82,2,113,20,32,92,36,21,22,12,66,95,13,9,101,5,54,121,46,39,43,41,50,59,119,52,48,57,105,37,91,71,90,98,72,73,74,51,8,56,55,64,81,100,122,110,118,83,35,31,112,24,47,62,67|_G103785]
  032		 6304.0663446072		[97,109,88,93,76,102,80,86,11,78,94,115,23,28,14,99,18,26,30,16,33,42,103,126,106,69,96,6,25,63,68,85,87,123,128,60,108,75,10,4,44,15,127,104,61,27,114,111,116,38,70,40,0,129,49,1,53,34,3,19,117,79,45,17,107,7,125,89,124,84,65,77,120,58,29,82,2,113,20,32,92,36,21,22,12,66,95,13,9,101,5,54,121,46,39,43,41,50,59,119,52,48,57,105,37,91,71,90,98,72,73,74,51,8,56,55,64,81,100,122,110,118,83,35,31,112,24,47,62,67|_G103785]
  033		 6304.0663446072		[97,109,88,93,76,102,80,86,11,78,94,115,23,28,14,99,18,26,30,16,33,42,103,126,106,69,96,6,25,63,68,85,87,123,128,60,108,75,10,4,44,15,127,104,61,27,114,111,116,38,70,40,0,129,49,1,53,34,3,19,117,79,45,17,107,7,125,89,124,84,65,77,120,58,29,82,2,113,20,32,92,36,21,22,12,66,95,13,9,101,5,54,121,46,39,43,41,50,59,119,52,48,57,105,37,91,71,90,98,72,73,74,51,8,56,55,64,81,100,122,110,118,83,35,31,112,24,47,62,67|_G103785]
  034		 6304.0663446072		[97,109,88,93,76,102,80,86,11,78,94,115,23,28,14,99,18,26,30,16,33,42,103,126,106,69,96,6,25,63,68,85,87,123,128,60,108,75,10,4,44,15,127,104,61,27,114,111,116,38,70,40,0,129,49,1,53,34,3,19,117,79,45,17,107,7,125,89,124,84,65,77,120,58,29,82,2,113,20,32,92,36,21,22,12,66,95,13,9,101,5,54,121,46,39,43,41,50,59,119,52,48,57,105,37,91,71,90,98,72,73,74,51,8,56,55,64,81,100,122,110,118,83,35,31,112,24,47,62,67|_G103785]
  035		 6304.0663446072		[97,109,88,93,76,102,80,86,11,78,94,115,23,28,14,99,18,26,30,16,33,42,103,126,106,69,96,6,25,63,68,85,87,123,128,60,108,75,10,4,44,15,127,104,61,27,114,111,116,38,70,40,0,129,49,1,53,34,3,19,117,79,45,17,107,7,125,89,124,84,65,77,120,58,29,82,2,113,20,32,92,36,21,22,12,66,95,13,9,101,5,54,121,46,39,43,41,50,59,119,52,48,57,105,37,91,71,90,98,72,73,74,51,8,56,55,64,81,100,122,110,118,83,35,31,112,24,47,62,67|_G103785]
  036		 6304.0663446072		[97,109,88,93,76,102,80,86,11,78,94,115,23,28,14,99,18,26,30,16,33,42,103,126,106,69,96,6,25,63,68,85,87,123,128,60,108,75,10,4,44,15,127,104,61,27,114,111,116,38,70,40,0,129,49,1,53,34,3,19,117,79,45,17,107,7,125,89,124,84,65,77,120,58,29,82,2,113,20,32,92,36,21,22,12,66,95,13,9,101,5,54,121,46,39,43,41,50,59,119,52,48,57,105,37,91,71,90,98,72,73,74,51,8,56,55,64,81,100,122,110,118,83,35,31,112,24,47,62,67|_G103785]
  037		 6304.0663446072		[97,109,88,93,76,102,80,86,11,78,94,115,23,28,14,99,18,26,30,16,33,42,103,126,106,69,96,6,25,63,68,85,87,123,128,60,108,75,10,4,44,15,127,104,61,27,114,111,116,38,70,40,0,129,49,1,53,34,3,19,117,79,45,17,107,7,125,89,124,84,65,77,120,58,29,82,2,113,20,32,92,36,21,22,12,66,95,13,9,101,5,54,121,46,39,43,41,50,59,119,52,48,57,105,37,91,71,90,98,72,73,74,51,8,56,55,64,81,100,122,110,118,83,35,31,112,24,47,62,67|_G103785]
  038		 6304.0663446072		[97,109,88,93,76,102,80,86,11,78,94,115,23,28,14,99,18,26,30,16,33,42,103,126,106,69,96,6,25,63,68,85,87,123,128,60,108,75,10,4,44,15,127,104,61,27,114,111,116,38,70,40,0,129,49,1,53,34,3,19,117,79,45,17,107,7,125,89,124,84,65,77,120,58,29,82,2,113,20,32,92,36,21,22,12,66,95,13,9,101,5,54,121,46,39,43,41,50,59,119,52,48,57,105,37,91,71,90,98,72,73,74,51,8,56,55,64,81,100,122,110,118,83,35,31,112,24,47,62,67|_G103785]
  039		 6304.0663446072		[97,109,88,93,76,102,80,86,11,78,94,115,23,28,14,99,18,26,30,16,33,42,103,126,106,69,96,6,25,63,68,85,87,123,128,60,108,75,10,4,44,15,127,104,61,27,114,111,116,38,70,40,0,129,49,1,53,34,3,19,117,79,45,17,107,7,125,89,124,84,65,77,120,58,29,82,2,113,20,32,92,36,21,22,12,66,95,13,9,101,5,54,121,46,39,43,41,50,59,119,52,48,57,105,37,91,71,90,98,72,73,74,51,8,56,55,64,81,100,122,110,118,83,35,31,112,24,47,62,67|_G103785]
  040		 6304.0663446072		[97,109,88,93,76,102,80,86,11,78,94,115,23,28,14,99,18,26,30,16,33,42,103,126,106,69,96,6,25,63,68,85,87,123,128,60,108,75,10,4,44,15,127,104,61,27,114,111,116,38,70,40,0,129,49,1,53,34,3,19,117,79,45,17,107,7,125,89,124,84,65,77,120,58,29,82,2,113,20,32,92,36,21,22,12,66,95,13,9,101,5,54,121,46,39,43,41,50,59,119,52,48,57,105,37,91,71,90,98,72,73,74,51,8,56,55,64,81,100,122,110,118,83,35,31,112,24,47,62,67|_G103785]
  041		 6304.0663446072		[97,109,88,93,76,102,80,86,11,78,94,115,23,28,14,99,18,26,30,16,33,42,103,126,106,69,96,6,25,63,68,85,87,123,128,60,108,75,10,4,44,15,127,104,61,27,114,111,116,38,70,40,0,129,49,1,53,34,3,19,117,79,45,17,107,7,125,89,124,84,65,77,120,58,29,82,2,113,20,32,92,36,21,22,12,66,95,13,9,101,5,54,121,46,39,43,41,50,59,119,52,48,57,105,37,91,71,90,98,72,73,74,51,8,56,55,64,81,100,122,110,118,83,35,31,112,24,47,62,67|_G103785]
  042		 6304.0663446072		[97,109,88,93,76,102,80,86,11,78,94,115,23,28,14,99,18,26,30,16,33,42,103,126,106,69,96,6,25,63,68,85,87,123,128,60,108,75,10,4,44,15,127,104,61,27,114,111,116,38,70,40,0,129,49,1,53,34,3,19,117,79,45,17,107,7,125,89,124,84,65,77,120,58,29,82,2,113,20,32,92,36,21,22,12,66,95,13,9,101,5,54,121,46,39,43,41,50,59,119,52,48,57,105,37,91,71,90,98,72,73,74,51,8,56,55,64,81,100,122,110,118,83,35,31,112,24,47,62,67|_G103785]
  043		 6304.0663446072		[97,109,88,93,76,102,80,86,11,78,94,115,23,28,14,99,18,26,30,16,33,42,103,126,106,69,96,6,25,63,68,85,87,123,128,60,108,75,10,4,44,15,127,104,61,27,114,111,116,38,70,40,0,129,49,1,53,34,3,19,117,79,45,17,107,7,125,89,124,84,65,77,120,58,29,82,2,113,20,32,92,36,21,22,12,66,95,13,9,101,5,54,121,46,39,43,41,50,59,119,52,48,57,105,37,91,71,90,98,72,73,74,51,8,56,55,64,81,100,122,110,118,83,35,31,112,24,47,62,67|_G103785]
  044		 6304.0663446072		[97,109,88,93,76,102,80,86,11,78,94,115,23,28,14,99,18,26,30,16,33,42,103,126,106,69,96,6,25,63,68,85,87,123,128,60,108,75,10,4,44,15,127,104,61,27,114,111,116,38,70,40,0,129,49,1,53,34,3,19,117,79,45,17,107,7,125,89,124,84,65,77,120,58,29,82,2,113,20,32,92,36,21,22,12,66,95,13,9,101,5,54,121,46,39,43,41,50,59,119,52,48,57,105,37,91,71,90,98,72,73,74,51,8,56,55,64,81,100,122,110,118,83,35,31,112,24,47,62,67|_G103785]
  045		 6304.0663446072		[97,109,88,93,76,102,80,86,11,78,94,115,23,28,14,99,18,26,30,16,33,42,103,126,106,69,96,6,25,63,68,85,87,123,128,60,108,75,10,4,44,15,127,104,61,27,114,111,116,38,70,40,0,129,49,1,53,34,3,19,117,79,45,17,107,7,125,89,124,84,65,77,120,58,29,82,2,113,20,32,92,36,21,22,12,66,95,13,9,101,5,54,121,46,39,43,41,50,59,119,52,48,57,105,37,91,71,90,98,72,73,74,51,8,56,55,64,81,100,122,110,118,83,35,31,112,24,47,62,67|_G103785]
  046		 6304.0663446072		[97,109,88,93,76,102,80,86,11,78,94,115,23,28,14,99,18,26,30,16,33,42,103,126,106,69,96,6,25,63,68,85,87,123,128,60,108,75,10,4,44,15,127,104,61,27,114,111,116,38,70,40,0,129,49,1,53,34,3,19,117,79,45,17,107,7,125,89,124,84,65,77,120,58,29,82,2,113,20,32,92,36,21,22,12,66,95,13,9,101,5,54,121,46,39,43,41,50,59,119,52,48,57,105,37,91,71,90,98,72,73,74,51,8,56,55,64,81,100,122,110,118,83,35,31,112,24,47,62,67|_G103785]
  047		 6304.0663446072		[97,109,88,93,76,102,80,86,11,78,94,115,23,28,14,99,18,26,30,16,33,42,103,126,106,69,96,6,25,63,68,85,87,123,128,60,108,75,10,4,44,15,127,104,61,27,114,111,116,38,70,40,0,129,49,1,53,34,3,19,117,79,45,17,107,7,125,89,124,84,65,77,120,58,29,82,2,113,20,32,92,36,21,22,12,66,95,13,9,101,5,54,121,46,39,43,41,50,59,119,52,48,57,105,37,91,71,90,98,72,73,74,51,8,56,55,64,81,100,122,110,118,83,35,31,112,24,47,62,67|_G103785]
  048		 6304.0663446072		[97,109,88,93,76,102,80,86,11,78,94,115,23,28,14,99,18,26,30,16,33,42,103,126,106,69,96,6,25,63,68,85,87,123,128,60,108,75,10,4,44,15,127,104,61,27,114,111,116,38,70,40,0,129,49,1,53,34,3,19,117,79,45,17,107,7,125,89,124,84,65,77,120,58,29,82,2,113,20,32,92,36,21,22,12,66,95,13,9,101,5,54,121,46,39,43,41,50,59,119,52,48,57,105,37,91,71,90,98,72,73,74,51,8,56,55,64,81,100,122,110,118,83,35,31,112,24,47,62,67|_G103785]
  049		 6304.0663446072		[97,109,88,93,76,102,80,86,11,78,94,115,23,28,14,99,18,26,30,16,33,42,103,126,106,69,96,6,25,63,68,85,87,123,128,60,108,75,10,4,44,15,127,104,61,27,114,111,116,38,70,40,0,129,49,1,53,34,3,19,117,79,45,17,107,7,125,89,124,84,65,77,120,58,29,82,2,113,20,32,92,36,21,22,12,66,95,13,9,101,5,54,121,46,39,43,41,50,59,119,52,48,57,105,37,91,71,90,98,72,73,74,51,8,56,55,64,81,100,122,110,118,83,35,31,112,24,47,62,67|_G103785]
  050		 6304.0663446072		[97,109,88,93,76,102,80,86,11,78,94,115,23,28,14,99,18,26,30,16,33,42,103,126,106,69,96,6,25,63,68,85,87,123,128,60,108,75,10,4,44,15,127,104,61,27,114,111,116,38,70,40,0,129,49,1,53,34,3,19,117,79,45,17,107,7,125,89,124,84,65,77,120,58,29,82,2,113,20,32,92,36,21,22,12,66,95,13,9,101,5,54,121,46,39,43,41,50,59,119,52,48,57,105,37,91,71,90,98,72,73,74,51,8,56,55,64,81,100,122,110,118,83,35,31,112,24,47,62,67|_G103785]
  051		 6304.0663446072		[97,109,88,93,76,102,80,86,11,78,94,115,23,28,14,99,18,26,30,16,33,42,103,126,106,69,96,6,25,63,68,85,87,123,128,60,108,75,10,4,44,15,127,104,61,27,114,111,116,38,70,40,0,129,49,1,53,34,3,19,117,79,45,17,107,7,125,89,124,84,65,77,120,58,29,82,2,113,20,32,92,36,21,22,12,66,95,13,9,101,5,54,121,46,39,43,41,50,59,119,52,48,57,105,37,91,71,90,98,72,73,74,51,8,56,55,64,81,100,122,110,118,83,35,31,112,24,47,62,67|_G103785]
  052		 6304.0663446072		[97,109,88,93,76,102,80,86,11,78,94,115,23,28,14,99,18,26,30,16,33,42,103,126,106,69,96,6,25,63,68,85,87,123,128,60,108,75,10,4,44,15,127,104,61,27,114,111,116,38,70,40,0,129,49,1,53,34,3,19,117,79,45,17,107,7,125,89,124,84,65,77,120,58,29,82,2,113,20,32,92,36,21,22,12,66,95,13,9,101,5,54,121,46,39,43,41,50,59,119,52,48,57,105,37,91,71,90,98,72,73,74,51,8,56,55,64,81,100,122,110,118,83,35,31,112,24,47,62,67|_G103785]
  053		 6304.0663446072		[97,109,88,93,76,102,80,86,11,78,94,115,23,28,14,99,18,26,30,16,33,42,103,126,106,69,96,6,25,63,68,85,87,123,128,60,108,75,10,4,44,15,127,104,61,27,114,111,116,38,70,40,0,129,49,1,53,34,3,19,117,79,45,17,107,7,125,89,124,84,65,77,120,58,29,82,2,113,20,32,92,36,21,22,12,66,95,13,9,101,5,54,121,46,39,43,41,50,59,119,52,48,57,105,37,91,71,90,98,72,73,74,51,8,56,55,64,81,100,122,110,118,83,35,31,112,24,47,62,67|_G103785]
  054		 6304.0663446072		[97,109,88,93,76,102,80,86,11,78,94,115,23,28,14,99,18,26,30,16,33,42,103,126,106,69,96,6,25,63,68,85,87,123,128,60,108,75,10,4,44,15,127,104,61,27,114,111,116,38,70,40,0,129,49,1,53,34,3,19,117,79,45,17,107,7,125,89,124,84,65,77,120,58,29,82,2,113,20,32,92,36,21,22,12,66,95,13,9,101,5,54,121,46,39,43,41,50,59,119,52,48,57,105,37,91,71,90,98,72,73,74,51,8,56,55,64,81,100,122,110,118,83,35,31,112,24,47,62,67|_G103785]
  055		 6304.0663446072		[97,109,88,93,76,102,80,86,11,78,94,115,23,28,14,99,18,26,30,16,33,42,103,126,106,69,96,6,25,63,68,85,87,123,128,60,108,75,10,4,44,15,127,104,61,27,114,111,116,38,70,40,0,129,49,1,53,34,3,19,117,79,45,17,107,7,125,89,124,84,65,77,120,58,29,82,2,113,20,32,92,36,21,22,12,66,95,13,9,101,5,54,121,46,39,43,41,50,59,119,52,48,57,105,37,91,71,90,98,72,73,74,51,8,56,55,64,81,100,122,110,118,83,35,31,112,24,47,62,67|_G103785]
  056		 6304.0663446072		[97,109,88,93,76,102,80,86,11,78,94,115,23,28,14,99,18,26,30,16,33,42,103,126,106,69,96,6,25,63,68,85,87,123,128,60,108,75,10,4,44,15,127,104,61,27,114,111,116,38,70,40,0,129,49,1,53,34,3,19,117,79,45,17,107,7,125,89,124,84,65,77,120,58,29,82,2,113,20,32,92,36,21,22,12,66,95,13,9,101,5,54,121,46,39,43,41,50,59,119,52,48,57,105,37,91,71,90,98,72,73,74,51,8,56,55,64,81,100,122,110,118,83,35,31,112,24,47,62,67|_G103785]
  057		 6304.0663446072		[97,109,88,93,76,102,80,86,11,78,94,115,23,28,14,99,18,26,30,16,33,42,103,126,106,69,96,6,25,63,68,85,87,123,128,60,108,75,10,4,44,15,127,104,61,27,114,111,116,38,70,40,0,129,49,1,53,34,3,19,117,79,45,17,107,7,125,89,124,84,65,77,120,58,29,82,2,113,20,32,92,36,21,22,12,66,95,13,9,101,5,54,121,46,39,43,41,50,59,119,52,48,57,105,37,91,71,90,98,72,73,74,51,8,56,55,64,81,100,122,110,118,83,35,31,112,24,47,62,67|_G103785]
  058		 6304.0663446072		[97,109,88,93,76,102,80,86,11,78,94,115,23,28,14,99,18,26,30,16,33,42,103,126,106,69,96,6,25,63,68,85,87,123,128,60,108,75,10,4,44,15,127,104,61,27,114,111,116,38,70,40,0,129,49,1,53,34,3,19,117,79,45,17,107,7,125,89,124,84,65,77,120,58,29,82,2,113,20,32,92,36,21,22,12,66,95,13,9,101,5,54,121,46,39,43,41,50,59,119,52,48,57,105,37,91,71,90,98,72,73,74,51,8,56,55,64,81,100,122,110,118,83,35,31,112,24,47,62,67|_G103785]
  059		 6304.0663446072		[97,109,88,93,76,102,80,86,11,78,94,115,23,28,14,99,18,26,30,16,33,42,103,126,106,69,96,6,25,63,68,85,87,123,128,60,108,75,10,4,44,15,127,104,61,27,114,111,116,38,70,40,0,129,49,1,53,34,3,19,117,79,45,17,107,7,125,89,124,84,65,77,120,58,29,82,2,113,20,32,92,36,21,22,12,66,95,13,9,101,5,54,121,46,39,43,41,50,59,119,52,48,57,105,37,91,71,90,98,72,73,74,51,8,56,55,64,81,100,122,110,118,83,35,31,112,24,47,62,67|_G103785]
  060		 6304.0663446072		[97,109,88,93,76,102,80,86,11,78,94,115,23,28,14,99,18,26,30,16,33,42,103,126,106,69,96,6,25,63,68,85,87,123,128,60,108,75,10,4,44,15,127,104,61,27,114,111,116,38,70,40,0,129,49,1,53,34,3,19,117,79,45,17,107,7,125,89,124,84,65,77,120,58,29,82,2,113,20,32,92,36,21,22,12,66,95,13,9,101,5,54,121,46,39,43,41,50,59,119,52,48,57,105,37,91,71,90,98,72,73,74,51,8,56,55,64,81,100,122,110,118,83,35,31,112,24,47,62,67|_G103785]
  061		 6304.0663446072		[97,109,88,93,76,102,80,86,11,78,94,115,23,28,14,99,18,26,30,16,33,42,103,126,106,69,96,6,25,63,68,85,87,123,128,60,108,75,10,4,44,15,127,104,61,27,114,111,116,38,70,40,0,129,49,1,53,34,3,19,117,79,45,17,107,7,125,89,124,84,65,77,120,58,29,82,2,113,20,32,92,36,21,22,12,66,95,13,9,101,5,54,121,46,39,43,41,50,59,119,52,48,57,105,37,91,71,90,98,72,73,74,51,8,56,55,64,81,100,122,110,118,83,35,31,112,24,47,62,67|_G103785]
  062		 6304.0663446072		[97,109,88,93,76,102,80,86,11,78,94,115,23,28,14,99,18,26,30,16,33,42,103,126,106,69,96,6,25,63,68,85,87,123,128,60,108,75,10,4,44,15,127,104,61,27,114,111,116,38,70,40,0,129,49,1,53,34,3,19,117,79,45,17,107,7,125,89,124,84,65,77,120,58,29,82,2,113,20,32,92,36,21,22,12,66,95,13,9,101,5,54,121,46,39,43,41,50,59,119,52,48,57,105,37,91,71,90,98,72,73,74,51,8,56,55,64,81,100,122,110,118,83,35,31,112,24,47,62,67|_G103785]
  063		 6304.0663446072		[97,109,88,93,76,102,80,86,11,78,94,115,23,28,14,99,18,26,30,16,33,42,103,126,106,69,96,6,25,63,68,85,87,123,128,60,108,75,10,4,44,15,127,104,61,27,114,111,116,38,70,40,0,129,49,1,53,34,3,19,117,79,45,17,107,7,125,89,124,84,65,77,120,58,29,82,2,113,20,32,92,36,21,22,12,66,95,13,9,101,5,54,121,46,39,43,41,50,59,119,52,48,57,105,37,91,71,90,98,72,73,74,51,8,56,55,64,81,100,122,110,118,83,35,31,112,24,47,62,67|_G103785]
  064		 6304.0663446072		[97,109,88,93,76,102,80,86,11,78,94,115,23,28,14,99,18,26,30,16,33,42,103,126,106,69,96,6,25,63,68,85,87,123,128,60,108,75,10,4,44,15,127,104,61,27,114,111,116,38,70,40,0,129,49,1,53,34,3,19,117,79,45,17,107,7,125,89,124,84,65,77,120,58,29,82,2,113,20,32,92,36,21,22,12,66,95,13,9,101,5,54,121,46,39,43,41,50,59,119,52,48,57,105,37,91,71,90,98,72,73,74,51,8,56,55,64,81,100,122,110,118,83,35,31,112,24,47,62,67|_G103785]
  065		 6304.0663446072		[97,109,88,93,76,102,80,86,11,78,94,115,23,28,14,99,18,26,30,16,33,42,103,126,106,69,96,6,25,63,68,85,87,123,128,60,108,75,10,4,44,15,127,104,61,27,114,111,116,38,70,40,0,129,49,1,53,34,3,19,117,79,45,17,107,7,125,89,124,84,65,77,120,58,29,82,2,113,20,32,92,36,21,22,12,66,95,13,9,101,5,54,121,46,39,43,41,50,59,119,52,48,57,105,37,91,71,90,98,72,73,74,51,8,56,55,64,81,100,122,110,118,83,35,31,112,24,47,62,67|_G103785]
  066		 6304.0663446072		[97,109,88,93,76,102,80,86,11,78,94,115,23,28,14,99,18,26,30,16,33,42,103,126,106,69,96,6,25,63,68,85,87,123,128,60,108,75,10,4,44,15,127,104,61,27,114,111,116,38,70,40,0,129,49,1,53,34,3,19,117,79,45,17,107,7,125,89,124,84,65,77,120,58,29,82,2,113,20,32,92,36,21,22,12,66,95,13,9,101,5,54,121,46,39,43,41,50,59,119,52,48,57,105,37,91,71,90,98,72,73,74,51,8,56,55,64,81,100,122,110,118,83,35,31,112,24,47,62,67|_G103785]
  067		 6304.0663446072		[97,109,88,93,76,102,80,86,11,78,94,115,23,28,14,99,18,26,30,16,33,42,103,126,106,69,96,6,25,63,68,85,87,123,128,60,108,75,10,4,44,15,127,104,61,27,114,111,116,38,70,40,0,129,49,1,53,34,3,19,117,79,45,17,107,7,125,89,124,84,65,77,120,58,29,82,2,113,20,32,92,36,21,22,12,66,95,13,9,101,5,54,121,46,39,43,41,50,59,119,52,48,57,105,37,91,71,90,98,72,73,74,51,8,56,55,64,81,100,122,110,118,83,35,31,112,24,47,62,67|_G103785]
  068		 6304.0663446072		[97,109,88,93,76,102,80,86,11,78,94,115,23,28,14,99,18,26,30,16,33,42,103,126,106,69,96,6,25,63,68,85,87,123,128,60,108,75,10,4,44,15,127,104,61,27,114,111,116,38,70,40,0,129,49,1,53,34,3,19,117,79,45,17,107,7,125,89,124,84,65,77,120,58,29,82,2,113,20,32,92,36,21,22,12,66,95,13,9,101,5,54,121,46,39,43,41,50,59,119,52,48,57,105,37,91,71,90,98,72,73,74,51,8,56,55,64,81,100,122,110,118,83,35,31,112,24,47,62,67|_G103785]
  069		 6304.0663446072		[97,109,88,93,76,102,80,86,11,78,94,115,23,28,14,99,18,26,30,16,33,42,103,126,106,69,96,6,25,63,68,85,87,123,128,60,108,75,10,4,44,15,127,104,61,27,114,111,116,38,70,40,0,129,49,1,53,34,3,19,117,79,45,17,107,7,125,89,124,84,65,77,120,58,29,82,2,113,20,32,92,36,21,22,12,66,95,13,9,101,5,54,121,46,39,43,41,50,59,119,52,48,57,105,37,91,71,90,98,72,73,74,51,8,56,55,64,81,100,122,110,118,83,35,31,112,24,47,62,67|_G103785]
  070		 6304.0663446072		[97,109,88,93,76,102,80,86,11,78,94,115,23,28,14,99,18,26,30,16,33,42,103,126,106,69,96,6,25,63,68,85,87,123,128,60,108,75,10,4,44,15,127,104,61,27,114,111,116,38,70,40,0,129,49,1,53,34,3,19,117,79,45,17,107,7,125,89,124,84,65,77,120,58,29,82,2,113,20,32,92,36,21,22,12,66,95,13,9,101,5,54,121,46,39,43,41,50,59,119,52,48,57,105,37,91,71,90,98,72,73,74,51,8,56,55,64,81,100,122,110,118,83,35,31,112,24,47,62,67|_G103785]
  071		 6304.0663446072		[97,109,88,93,76,102,80,86,11,78,94,115,23,28,14,99,18,26,30,16,33,42,103,126,106,69,96,6,25,63,68,85,87,123,128,60,108,75,10,4,44,15,127,104,61,27,114,111,116,38,70,40,0,129,49,1,53,34,3,19,117,79,45,17,107,7,125,89,124,84,65,77,120,58,29,82,2,113,20,32,92,36,21,22,12,66,95,13,9,101,5,54,121,46,39,43,41,50,59,119,52,48,57,105,37,91,71,90,98,72,73,74,51,8,56,55,64,81,100,122,110,118,83,35,31,112,24,47,62,67|_G103785]
  072		 6304.0663446072		[97,109,88,93,76,102,80,86,11,78,94,115,23,28,14,99,18,26,30,16,33,42,103,126,106,69,96,6,25,63,68,85,87,123,128,60,108,75,10,4,44,15,127,104,61,27,114,111,116,38,70,40,0,129,49,1,53,34,3,19,117,79,45,17,107,7,125,89,124,84,65,77,120,58,29,82,2,113,20,32,92,36,21,22,12,66,95,13,9,101,5,54,121,46,39,43,41,50,59,119,52,48,57,105,37,91,71,90,98,72,73,74,51,8,56,55,64,81,100,122,110,118,83,35,31,112,24,47,62,67|_G103785]
  073		 6304.0663446072		[97,109,88,93,76,102,80,86,11,78,94,115,23,28,14,99,18,26,30,16,33,42,103,126,106,69,96,6,25,63,68,85,87,123,128,60,108,75,10,4,44,15,127,104,61,27,114,111,116,38,70,40,0,129,49,1,53,34,3,19,117,79,45,17,107,7,125,89,124,84,65,77,120,58,29,82,2,113,20,32,92,36,21,22,12,66,95,13,9,101,5,54,121,46,39,43,41,50,59,119,52,48,57,105,37,91,71,90,98,72,73,74,51,8,56,55,64,81,100,122,110,118,83,35,31,112,24,47,62,67|_G103785]
  074		 6304.0663446072		[97,109,88,93,76,102,80,86,11,78,94,115,23,28,14,99,18,26,30,16,33,42,103,126,106,69,96,6,25,63,68,85,87,123,128,60,108,75,10,4,44,15,127,104,61,27,114,111,116,38,70,40,0,129,49,1,53,34,3,19,117,79,45,17,107,7,125,89,124,84,65,77,120,58,29,82,2,113,20,32,92,36,21,22,12,66,95,13,9,101,5,54,121,46,39,43,41,50,59,119,52,48,57,105,37,91,71,90,98,72,73,74,51,8,56,55,64,81,100,122,110,118,83,35,31,112,24,47,62,67|_G103785]
  075		 6304.0663446072		[97,109,88,93,76,102,80,86,11,78,94,115,23,28,14,99,18,26,30,16,33,42,103,126,106,69,96,6,25,63,68,85,87,123,128,60,108,75,10,4,44,15,127,104,61,27,114,111,116,38,70,40,0,129,49,1,53,34,3,19,117,79,45,17,107,7,125,89,124,84,65,77,120,58,29,82,2,113,20,32,92,36,21,22,12,66,95,13,9,101,5,54,121,46,39,43,41,50,59,119,52,48,57,105,37,91,71,90,98,72,73,74,51,8,56,55,64,81,100,122,110,118,83,35,31,112,24,47,62,67|_G103785]
  076		 6304.0663446072		[97,109,88,93,76,102,80,86,11,78,94,115,23,28,14,99,18,26,30,16,33,42,103,126,106,69,96,6,25,63,68,85,87,123,128,60,108,75,10,4,44,15,127,104,61,27,114,111,116,38,70,40,0,129,49,1,53,34,3,19,117,79,45,17,107,7,125,89,124,84,65,77,120,58,29,82,2,113,20,32,92,36,21,22,12,66,95,13,9,101,5,54,121,46,39,43,41,50,59,119,52,48,57,105,37,91,71,90,98,72,73,74,51,8,56,55,64,81,100,122,110,118,83,35,31,112,24,47,62,67|_G103785]
  077		 6304.0663446072		[97,109,88,93,76,102,80,86,11,78,94,115,23,28,14,99,18,26,30,16,33,42,103,126,106,69,96,6,25,63,68,85,87,123,128,60,108,75,10,4,44,15,127,104,61,27,114,111,116,38,70,40,0,129,49,1,53,34,3,19,117,79,45,17,107,7,125,89,124,84,65,77,120,58,29,82,2,113,20,32,92,36,21,22,12,66,95,13,9,101,5,54,121,46,39,43,41,50,59,119,52,48,57,105,37,91,71,90,98,72,73,74,51,8,56,55,64,81,100,122,110,118,83,35,31,112,24,47,62,67|_G103785]
  078		 6304.0663446072		[97,109,88,93,76,102,80,86,11,78,94,115,23,28,14,99,18,26,30,16,33,42,103,126,106,69,96,6,25,63,68,85,87,123,128,60,108,75,10,4,44,15,127,104,61,27,114,111,116,38,70,40,0,129,49,1,53,34,3,19,117,79,45,17,107,7,125,89,124,84,65,77,120,58,29,82,2,113,20,32,92,36,21,22,12,66,95,13,9,101,5,54,121,46,39,43,41,50,59,119,52,48,57,105,37,91,71,90,98,72,73,74,51,8,56,55,64,81,100,122,110,118,83,35,31,112,24,47,62,67|_G103785]
  079		 6304.0663446072		[97,109,88,93,76,102,80,86,11,78,94,115,23,28,14,99,18,26,30,16,33,42,103,126,106,69,96,6,25,63,68,85,87,123,128,60,108,75,10,4,44,15,127,104,61,27,114,111,116,38,70,40,0,129,49,1,53,34,3,19,117,79,45,17,107,7,125,89,124,84,65,77,120,58,29,82,2,113,20,32,92,36,21,22,12,66,95,13,9,101,5,54,121,46,39,43,41,50,59,119,52,48,57,105,37,91,71,90,98,72,73,74,51,8,56,55,64,81,100,122,110,118,83,35,31,112,24,47,62,67|_G103785]
  080		 6304.0663446072		[97,109,88,93,76,102,80,86,11,78,94,115,23,28,14,99,18,26,30,16,33,42,103,126,106,69,96,6,25,63,68,85,87,123,128,60,108,75,10,4,44,15,127,104,61,27,114,111,116,38,70,40,0,129,49,1,53,34,3,19,117,79,45,17,107,7,125,89,124,84,65,77,120,58,29,82,2,113,20,32,92,36,21,22,12,66,95,13,9,101,5,54,121,46,39,43,41,50,59,119,52,48,57,105,37,91,71,90,98,72,73,74,51,8,56,55,64,81,100,122,110,118,83,35,31,112,24,47,62,67|_G103785]
  081		 6304.0663446072		[97,109,88,93,76,102,80,86,11,78,94,115,23,28,14,99,18,26,30,16,33,42,103,126,106,69,96,6,25,63,68,85,87,123,128,60,108,75,10,4,44,15,127,104,61,27,114,111,116,38,70,40,0,129,49,1,53,34,3,19,117,79,45,17,107,7,125,89,124,84,65,77,120,58,29,82,2,113,20,32,92,36,21,22,12,66,95,13,9,101,5,54,121,46,39,43,41,50,59,119,52,48,57,105,37,91,71,90,98,72,73,74,51,8,56,55,64,81,100,122,110,118,83,35,31,112,24,47,62,67|_G103785]
  082		 6304.0663446072		[97,109,88,93,76,102,80,86,11,78,94,115,23,28,14,99,18,26,30,16,33,42,103,126,106,69,96,6,25,63,68,85,87,123,128,60,108,75,10,4,44,15,127,104,61,27,114,111,116,38,70,40,0,129,49,1,53,34,3,19,117,79,45,17,107,7,125,89,124,84,65,77,120,58,29,82,2,113,20,32,92,36,21,22,12,66,95,13,9,101,5,54,121,46,39,43,41,50,59,119,52,48,57,105,37,91,71,90,98,72,73,74,51,8,56,55,64,81,100,122,110,118,83,35,31,112,24,47,62,67|_G103785]
  083		 6304.0663446072		[97,109,88,93,76,102,80,86,11,78,94,115,23,28,14,99,18,26,30,16,33,42,103,126,106,69,96,6,25,63,68,85,87,123,128,60,108,75,10,4,44,15,127,104,61,27,114,111,116,38,70,40,0,129,49,1,53,34,3,19,117,79,45,17,107,7,125,89,124,84,65,77,120,58,29,82,2,113,20,32,92,36,21,22,12,66,95,13,9,101,5,54,121,46,39,43,41,50,59,119,52,48,57,105,37,91,71,90,98,72,73,74,51,8,56,55,64,81,100,122,110,118,83,35,31,112,24,47,62,67|_G103785]
  084		 6304.0663446072		[97,109,88,93,76,102,80,86,11,78,94,115,23,28,14,99,18,26,30,16,33,42,103,126,106,69,96,6,25,63,68,85,87,123,128,60,108,75,10,4,44,15,127,104,61,27,114,111,116,38,70,40,0,129,49,1,53,34,3,19,117,79,45,17,107,7,125,89,124,84,65,77,120,58,29,82,2,113,20,32,92,36,21,22,12,66,95,13,9,101,5,54,121,46,39,43,41,50,59,119,52,48,57,105,37,91,71,90,98,72,73,74,51,8,56,55,64,81,100,122,110,118,83,35,31,112,24,47,62,67|_G103785]
  085		 6304.0663446072		[97,109,88,93,76,102,80,86,11,78,94,115,23,28,14,99,18,26,30,16,33,42,103,126,106,69,96,6,25,63,68,85,87,123,128,60,108,75,10,4,44,15,127,104,61,27,114,111,116,38,70,40,0,129,49,1,53,34,3,19,117,79,45,17,107,7,125,89,124,84,65,77,120,58,29,82,2,113,20,32,92,36,21,22,12,66,95,13,9,101,5,54,121,46,39,43,41,50,59,119,52,48,57,105,37,91,71,90,98,72,73,74,51,8,56,55,64,81,100,122,110,118,83,35,31,112,24,47,62,67|_G103785]
  086		 6304.0663446072		[97,109,88,93,76,102,80,86,11,78,94,115,23,28,14,99,18,26,30,16,33,42,103,126,106,69,96,6,25,63,68,85,87,123,128,60,108,75,10,4,44,15,127,104,61,27,114,111,116,38,70,40,0,129,49,1,53,34,3,19,117,79,45,17,107,7,125,89,124,84,65,77,120,58,29,82,2,113,20,32,92,36,21,22,12,66,95,13,9,101,5,54,121,46,39,43,41,50,59,119,52,48,57,105,37,91,71,90,98,72,73,74,51,8,56,55,64,81,100,122,110,118,83,35,31,112,24,47,62,67|_G103785]
  087		 6304.0663446072		[97,109,88,93,76,102,80,86,11,78,94,115,23,28,14,99,18,26,30,16,33,42,103,126,106,69,96,6,25,63,68,85,87,123,128,60,108,75,10,4,44,15,127,104,61,27,114,111,116,38,70,40,0,129,49,1,53,34,3,19,117,79,45,17,107,7,125,89,124,84,65,77,120,58,29,82,2,113,20,32,92,36,21,22,12,66,95,13,9,101,5,54,121,46,39,43,41,50,59,119,52,48,57,105,37,91,71,90,98,72,73,74,51,8,56,55,64,81,100,122,110,118,83,35,31,112,24,47,62,67|_G103785]
  088		 6304.0663446072		[97,109,88,93,76,102,80,86,11,78,94,115,23,28,14,99,18,26,30,16,33,42,103,126,106,69,96,6,25,63,68,85,87,123,128,60,108,75,10,4,44,15,127,104,61,27,114,111,116,38,70,40,0,129,49,1,53,34,3,19,117,79,45,17,107,7,125,89,124,84,65,77,120,58,29,82,2,113,20,32,92,36,21,22,12,66,95,13,9,101,5,54,121,46,39,43,41,50,59,119,52,48,57,105,37,91,71,90,98,72,73,74,51,8,56,55,64,81,100,122,110,118,83,35,31,112,24,47,62,67|_G103785]
  089		 6304.0663446072		[97,109,88,93,76,102,80,86,11,78,94,115,23,28,14,99,18,26,30,16,33,42,103,126,106,69,96,6,25,63,68,85,87,123,128,60,108,75,10,4,44,15,127,104,61,27,114,111,116,38,70,40,0,129,49,1,53,34,3,19,117,79,45,17,107,7,125,89,124,84,65,77,120,58,29,82,2,113,20,32,92,36,21,22,12,66,95,13,9,101,5,54,121,46,39,43,41,50,59,119,52,48,57,105,37,91,71,90,98,72,73,74,51,8,56,55,64,81,100,122,110,118,83,35,31,112,24,47,62,67|_G103785]
  090		 6304.0663446072		[97,109,88,93,76,102,80,86,11,78,94,115,23,28,14,99,18,26,30,16,33,42,103,126,106,69,96,6,25,63,68,85,87,123,128,60,108,75,10,4,44,15,127,104,61,27,114,111,116,38,70,40,0,129,49,1,53,34,3,19,117,79,45,17,107,7,125,89,124,84,65,77,120,58,29,82,2,113,20,32,92,36,21,22,12,66,95,13,9,101,5,54,121,46,39,43,41,50,59,119,52,48,57,105,37,91,71,90,98,72,73,74,51,8,56,55,64,81,100,122,110,118,83,35,31,112,24,47,62,67|_G103785]
  091		 6304.0663446072		[97,109,88,93,76,102,80,86,11,78,94,115,23,28,14,99,18,26,30,16,33,42,103,126,106,69,96,6,25,63,68,85,87,123,128,60,108,75,10,4,44,15,127,104,61,27,114,111,116,38,70,40,0,129,49,1,53,34,3,19,117,79,45,17,107,7,125,89,124,84,65,77,120,58,29,82,2,113,20,32,92,36,21,22,12,66,95,13,9,101,5,54,121,46,39,43,41,50,59,119,52,48,57,105,37,91,71,90,98,72,73,74,51,8,56,55,64,81,100,122,110,118,83,35,31,112,24,47,62,67|_G103785]
  092		 6304.0663446072		[97,109,88,93,76,102,80,86,11,78,94,115,23,28,14,99,18,26,30,16,33,42,103,126,106,69,96,6,25,63,68,85,87,123,128,60,108,75,10,4,44,15,127,104,61,27,114,111,116,38,70,40,0,129,49,1,53,34,3,19,117,79,45,17,107,7,125,89,124,84,65,77,120,58,29,82,2,113,20,32,92,36,21,22,12,66,95,13,9,101,5,54,121,46,39,43,41,50,59,119,52,48,57,105,37,91,71,90,98,72,73,74,51,8,56,55,64,81,100,122,110,118,83,35,31,112,24,47,62,67|_G103785]
  093		 6304.0663446072		[97,109,88,93,76,102,80,86,11,78,94,115,23,28,14,99,18,26,30,16,33,42,103,126,106,69,96,6,25,63,68,85,87,123,128,60,108,75,10,4,44,15,127,104,61,27,114,111,116,38,70,40,0,129,49,1,53,34,3,19,117,79,45,17,107,7,125,89,124,84,65,77,120,58,29,82,2,113,20,32,92,36,21,22,12,66,95,13,9,101,5,54,121,46,39,43,41,50,59,119,52,48,57,105,37,91,71,90,98,72,73,74,51,8,56,55,64,81,100,122,110,118,83,35,31,112,24,47,62,67|_G103785]
  094		 6304.0663446072		[97,109,88,93,76,102,80,86,11,78,94,115,23,28,14,99,18,26,30,16,33,42,103,126,106,69,96,6,25,63,68,85,87,123,128,60,108,75,10,4,44,15,127,104,61,27,114,111,116,38,70,40,0,129,49,1,53,34,3,19,117,79,45,17,107,7,125,89,124,84,65,77,120,58,29,82,2,113,20,32,92,36,21,22,12,66,95,13,9,101,5,54,121,46,39,43,41,50,59,119,52,48,57,105,37,91,71,90,98,72,73,74,51,8,56,55,64,81,100,122,110,118,83,35,31,112,24,47,62,67|_G103785]
  095		 6304.0663446072		[97,109,88,93,76,102,80,86,11,78,94,115,23,28,14,99,18,26,30,16,33,42,103,126,106,69,96,6,25,63,68,85,87,123,128,60,108,75,10,4,44,15,127,104,61,27,114,111,116,38,70,40,0,129,49,1,53,34,3,19,117,79,45,17,107,7,125,89,124,84,65,77,120,58,29,82,2,113,20,32,92,36,21,22,12,66,95,13,9,101,5,54,121,46,39,43,41,50,59,119,52,48,57,105,37,91,71,90,98,72,73,74,51,8,56,55,64,81,100,122,110,118,83,35,31,112,24,47,62,67|_G103785]
  096		 6304.0663446072		[97,109,88,93,76,102,80,86,11,78,94,115,23,28,14,99,18,26,30,16,33,42,103,126,106,69,96,6,25,63,68,85,87,123,128,60,108,75,10,4,44,15,127,104,61,27,114,111,116,38,70,40,0,129,49,1,53,34,3,19,117,79,45,17,107,7,125,89,124,84,65,77,120,58,29,82,2,113,20,32,92,36,21,22,12,66,95,13,9,101,5,54,121,46,39,43,41,50,59,119,52,48,57,105,37,91,71,90,98,72,73,74,51,8,56,55,64,81,100,122,110,118,83,35,31,112,24,47,62,67|_G103785]
  097		 6304.0663446072		[97,109,88,93,76,102,80,86,11,78,94,115,23,28,14,99,18,26,30,16,33,42,103,126,106,69,96,6,25,63,68,85,87,123,128,60,108,75,10,4,44,15,127,104,61,27,114,111,116,38,70,40,0,129,49,1,53,34,3,19,117,79,45,17,107,7,125,89,124,84,65,77,120,58,29,82,2,113,20,32,92,36,21,22,12,66,95,13,9,101,5,54,121,46,39,43,41,50,59,119,52,48,57,105,37,91,71,90,98,72,73,74,51,8,56,55,64,81,100,122,110,118,83,35,31,112,24,47,62,67|_G103785]
  098		 6304.0663446072		[97,109,88,93,76,102,80,86,11,78,94,115,23,28,14,99,18,26,30,16,33,42,103,126,106,69,96,6,25,63,68,85,87,123,128,60,108,75,10,4,44,15,127,104,61,27,114,111,116,38,70,40,0,129,49,1,53,34,3,19,117,79,45,17,107,7,125,89,124,84,65,77,120,58,29,82,2,113,20,32,92,36,21,22,12,66,95,13,9,101,5,54,121,46,39,43,41,50,59,119,52,48,57,105,37,91,71,90,98,72,73,74,51,8,56,55,64,81,100,122,110,118,83,35,31,112,24,47,62,67|_G103785]
  099		 6304.0663446072		[97,109,88,93,76,102,80,86,11,78,94,115,23,28,14,99,18,26,30,16,33,42,103,126,106,69,96,6,25,63,68,85,87,123,128,60,108,75,10,4,44,15,127,104,61,27,114,111,116,38,70,40,0,129,49,1,53,34,3,19,117,79,45,17,107,7,125,89,124,84,65,77,120,58,29,82,2,113,20,32,92,36,21,22,12,66,95,13,9,101,5,54,121,46,39,43,41,50,59,119,52,48,57,105,37,91,71,90,98,72,73,74,51,8,56,55,64,81,100,122,110,118,83,35,31,112,24,47,62,67|_G103785]
  100		 6304.0663446072		[97,109,88,93,76,102,80,86,11,78,94,115,23,28,14,99,18,26,30,16,33,42,103,126,106,69,96,6,25,63,68,85,87,123,128,60,108,75,10,4,44,15,127,104,61,27,114,111,116,38,70,40,0,129,49,1,53,34,3,19,117,79,45,17,107,7,125,89,124,84,65,77,120,58,29,82,2,113,20,32,92,36,21,22,12,66,95,13,9,101,5,54,121,46,39,43,41,50,59,119,52,48,57,105,37,91,71,90,98,72,73,74,51,8,56,55,64,81,100,122,110,118,83,35,31,112,24,47,62,67|_G103785]
=================================================================================================================================================================== 
