=================================================================================================================================================================== 
                                                         Resultados Algoritmo Genético Caixeiro Viajante                                                           
=================================================================================================================================================================== 
                                                                            Parâmetros                                                                             
------------------------------------------------------------------------------------------------------------------------------------------------------------------- 
	Data =  31/03/2015 15:23:46 	Tempo de execução =  1.217s 	Tamanho da população =  10 	Número de gerações =  10

	Taxa de migração =  10.00% 		Limite de erro =  122200 			Limite do Torneio em Habitat =  150.00

=================================================================================================================================================================== 
                                                                            Soluções                                                                              
Posição  		Distância                                                              Trajeto                                                              
------------------------------------------------------------------------------------------------------------------------------------------------------------------- 
  001		 40793.5325279952		[32,95,25,64,76,42,20,52,60,115,120,45,33,1,3,109,18,96,5,15,108,16,94,85,107,91,51,97,30,71,61,104,128,129,105,12,88,55,31,98,54,127,68,26,100,34,37,44,84,11,43,23,27,49,50,70,17,110,103,57,121,65,22,117,89,62,35,69,106,66,78,29,47,28,101,125,114,113,48,119,0,111,40,126,87,53,56,73,24,81,77,21,36,39,93,67,58,116,72,90,86,8,46,82,6,38,83,14,112,99,4,123,122,74,13,41,80,79,92,7,19,63,10,75,2,124,118,102,9,59|_G1226548]
  002		 41593.5837389568		[32,95,25,64,76,42,20,52,60,115,120,45,33,1,3,109,18,96,5,15,108,16,94,85,107,91,51,97,30,71,61,104,128,129,105,12,88,55,31,98,54,127,68,26,100,34,37,44,84,11,43,23,27,49,50,70,17,110,103,57,121,65,22,40,126,87,53,56,73,24,112,99,117,89,62,35,69,58,8,72,90,86,116,46,82,6,38,83,14,81,77,21,36,39,93,67,106,66,78,29,47,28,101,125,114,113,48,119,0,111,4,123,122,92,13,41,80,79,74,7,19,63,10,75,2,124,118,102,9,59|_G1226548]
  003		 41887.2433258154		[32,95,25,64,76,42,20,52,60,115,120,45,33,1,3,109,18,96,5,15,108,16,94,85,107,91,51,97,30,71,61,104,128,129,105,12,88,55,31,98,54,127,68,26,100,34,37,44,84,11,43,23,27,49,50,70,17,110,103,57,121,65,22,40,126,87,53,56,73,24,81,77,21,36,39,93,67,58,8,72,90,86,116,46,82,6,38,83,14,112,99,117,89,62,35,69,106,66,78,29,47,28,101,125,114,113,48,119,0,111,4,123,122,92,13,41,80,79,2,7,19,63,10,75,74,124,118,102,9,59|_G1226548]
  004		 42353.5022774726		[32,95,25,64,76,42,56,52,60,115,120,45,33,1,3,109,18,96,5,15,108,16,94,85,107,91,51,97,30,71,61,104,128,129,105,12,88,55,31,98,54,127,68,26,100,34,37,44,65,11,43,23,27,49,50,70,17,110,103,57,121,84,22,53,20,73,24,81,77,21,36,2,124,118,102,9,59,29,47,28,101,125,114,78,48,119,0,111,40,126,87,117,123,62,35,69,106,66,113,39,93,67,58,8,72,90,86,116,46,82,6,38,83,14,112,99,4,89,122,92,13,41,80,79,74,7,19,63,10,75|_G1226548]
  005		 42606.1436748932		[32,95,25,64,76,42,20,52,60,115,120,45,33,1,3,109,18,96,5,15,108,16,94,85,107,91,51,97,30,71,61,104,128,129,105,12,88,55,31,98,54,127,68,26,100,34,37,44,65,11,43,23,27,49,50,70,17,110,103,57,121,84,22,53,56,73,24,81,77,21,36,2,124,118,102,9,59,29,47,28,101,125,114,116,46,82,6,38,83,14,112,117,123,62,78,39,93,67,58,8,72,90,86,113,48,119,0,111,40,126,87,99,4,89,122,92,13,41,80,79,74,7,35,69,106,66,19,63,10,75|_G1226548]
  006		 42832.1266223319		[32,95,25,64,76,42,20,52,60,115,120,45,33,1,3,109,18,96,5,15,108,16,94,85,107,91,51,97,30,71,61,104,128,129,105,12,88,55,31,98,54,127,119,26,100,34,37,44,65,11,43,23,27,49,50,70,17,110,103,57,121,84,22,53,56,73,24,81,77,21,36,2,124,118,102,9,59,29,47,28,101,125,114,116,46,82,6,38,83,14,112,117,123,62,35,69,106,66,78,39,93,67,58,8,72,90,86,113,48,68,0,111,40,126,87,99,4,89,122,92,13,41,80,79,74,7,19,63,10,75|_G1226548]
  007		 42991.0931948143		[32,95,25,64,76,42,20,52,60,115,120,45,33,1,3,109,18,96,5,15,108,16,94,85,107,91,51,84,30,71,61,104,128,129,105,12,88,80,31,98,54,127,68,26,100,34,37,44,97,11,43,23,8,72,90,86,116,46,82,0,118,123,62,35,69,66,78,2,6,13,41,55,79,74,7,73,63,4,47,28,101,125,114,113,48,119,124,111,40,126,87,53,56,19,24,81,77,21,36,39,93,67,58,27,49,50,70,17,110,103,57,121,65,22,117,102,9,59,29,10,89,122,92,38,99,14,112,83,75,106|_G1226548]
  008		 43222.2012446280		[32,95,25,64,76,42,20,52,60,115,120,45,33,1,3,124,118,102,9,59,29,47,28,101,125,114,113,48,119,86,116,46,82,6,38,83,14,112,4,89,122,92,13,41,99,80,79,74,7,73,78,2,109,18,96,5,15,108,16,94,85,107,91,51,97,30,71,61,104,128,75,111,40,126,87,53,56,19,24,81,77,21,36,39,93,67,58,8,72,90,129,105,12,88,55,31,98,54,127,68,26,100,34,37,44,84,11,43,23,27,49,50,70,17,110,103,57,121,65,0,117,123,62,35,69,106,66,63,10,22|_G1226548]
  009		 43474.3325548327		[124,85,86,51,13,81,60,101,107,110,111,82,11,5,36,67,119,78,28,114,98,84,65,120,40,22,71,122,118,103,59,72,74,50,58,87,88,63,68,121,64,10,129,45,126,21,46,42,34,89,27,2,37,57,41,6,18,3,24,12,109,1,79,123,100,128,19,75,127,4,53,94,44,92,33,31,32,102,76,8,73,20,99,69,26,113,25,96,9,62,7,116,108,105,56,91,35,0,93,80,90,106,95,43,16,47,97,52,66,117,15,49,38,30,77,115,55,54,112,29,125,23,83,70,61,14,39,48,17,104|_G1229635]
  010		 43726.6280205919		[32,95,25,64,76,42,20,52,60,115,120,45,33,1,3,90,18,96,5,15,108,16,94,85,107,91,51,97,30,71,61,104,128,129,105,12,88,80,31,98,54,127,68,26,100,34,82,44,84,11,39,23,27,49,50,70,17,110,22,57,121,83,14,112,99,10,89,122,0,111,40,126,56,2,124,118,102,9,47,69,106,66,78,28,101,58,35,113,87,53,114,19,24,81,77,21,36,43,93,67,125,7,72,109,86,6,38,29,46,37,116,59,65,103,117,123,62,48,119,92,13,41,55,79,74,8,73,63,4,75|_G1226548]
=================================================================================================================================================================== 
